4000
1057850835
630040910
1203769245
415748018
1228287987
748573075
501619650
83860895
42519953
1521686392
176660885
1551169809
484811731
1595704660
1538557033
1926154707
296752161
1866556376
1272136658
30384564
1925354134
2100963953
500594102
1466799428
2012933219
1146231505
244336239
1766460677
1585331698
1944927015
244041802
495698885
427484277
1447811048
911446904
1655772265
48900475
1413066554
1739633160
91420428
787269298
1916294045
1642590237
1272081029
1364515057
1033663622
1050752089
1661267219
752736350
175405099
1691651783
530606836
128885404
44762238
1997406264
2141818623
1190993743
94258856
1760795653
628841793
2039185871
2004837455
1124540679
319186501
1305164855
2035987583
1974958766
1354065330
1301570489
1567108278
1445485759
2088839788
1335918676
940592348
1213437169
552950085
1974255971
116705610
66733656
579508673
292110709
1758385440
1110115510
420996114
1803147678
960038126
415331089
846657773
1054296982
28643094
1475499567
945999206
2033480550
452556598
1265185707
1191161757
341060533
1092660825
397743440
1642631022
512285455
1843229199
1583987162
1848204131
636337899
649940684
253670569
463110222
766646294
320404225
1042618896
1058757004
2078789665
5250758
1479753118
1734453695
965288884
1895084207
433627821
2019585867
1923727302
1909127388
818101425
1809724204
214200338
2083287132
853402313
555260871
1028464309
1251145753
50408245
1540749764
946891304
1634395408
1241470248
1583229204
136852444
1495140817
2046339426
903498738
1815545042
941474674
1962255742
1746851060
946725432
1294525212
1333821107
1912014317
1042125772
1767448928
1784116536
818369426
1529092668
454734313
480609982
1743293006
390537797
1334012295
151070229
1419002106
437674401
201478475
812268222
1384565705
1835873883
2053738470
820311261
1972726327
1401395639
719167040
728741417
1069457034
1660641714
543513512
668824446
459883499
1838038724
2002645553
224414168
732680848
1622610834
2008530704
1551050274
1004219854
315781369
2031660256
600029213
706319166
1218188904
751099442
2125321272
1655863305
952577917
790105846
892945362
640968152
696360669
1713256624
466210831
2097756308
284940016
1194952249
1019729694
1945581730
1738465761
1688554140
257981581
1429020837
1543716046
482395749
14218038
1018843232
343442805
1565268312
2023063086
659224174
1449444921
475608651
1365543340
520150177
1226708094
1343380964
28529834
31802363
2133486811
921475196
672770516
682363832
487248172
1138981347
632636492
772188188
186449948
1652366187
570286271
1924915709
1193436679
828267852
1206452899
589669077
1310663602
1220670937
1608512309
1654106407
638455601
1484091748
165846934
2087900522
1959700399
1531390274
460567051
1038924845
727287591
489096885
1070727209
713290754
1410572082
1743497725
1395654586
1897820254
734995424
2028291078
522524795
921445373
1533173617
1092811066
698877434
579126649
1921078918
1905330333
1168795726
1084258872
978517622
629824388
590881632
1616973224
2113916136
756728566
1557390098
1926132887
140635192
2017957150
817574085
867922783
359570387
1888301294
1581213537
1770142469
1484315371
829384475
1520479076
71827147
710191906
2043003871
993272520
95881875
988331289
1692149955
675008524
761926559
1449996640
1843804251
1846185432
281030615
326144991
289583416
1898003839
292577479
1046311982
1307910289
71226718
1186947174
1178383791
888800803
2054869958
1537954179
629618449
1488599847
1160613000
2113933820
170500675
533608428
38277320
880692581
429128651
1031549840
976574456
1417459940
576216147
1651582981
31902852
2026212788
1347903584
1878088284
159759755
1674048575
20188052
2057763594
1966626054
1066500034
1218190235
2037852772
105963560
249090379
779169928
13349870
1787044558
1408788377
1501949718
800173910
1375238550
1672450393
1333782339
1413515870
405659326
1762910990
297582062
1382233782
1032887283
873798210
886333115
1064790135
752527350
86753051
795394771
912287105
1760801626
815582823
822567051
1579944032
1882082857
2040757286
1470313157
1988046417
142364017
101999437
2001396288
1929408575
1510787814
1355862358
582098838
738542716
880829103
1915881177
4574938
1286488429
1531308519
302157001
521238563
416712154
1175955211
1407571679
1481502289
1928482561
1494324730
129413412
693286018
1107642709
944996235
1515853069
540103093
679595444
1409126707
2010416250
520158214
1551490725
2112415687
374070854
1333415652
1475719854
1729933212
1915514490
66778922
463278667
1683912019
71353861
1749767096
1067736891
373510862
123522011
1484449045
1549466073
1531093690
818467687
1330464986
877934773
947881099
2023751004
1985577482
1892877335
1392120425
378196927
424989131
653763484
241129530
945147345
57770561
206061569
1319218199
1391186214
1681781423
901667763
1159217056
1748560346
1364946430
695645428
1819914207
967229878
1763382319
45941421
1090751890
1100347716
1595407494
474361932
1918815403
778388832
1352296705
719212855
654656188
1190390539
464606542
2046776613
1568587467
889595673
553056449
1809716997
1834743019
610827011
2015778566
1006477570
2002013225
1550076342
1908145334
1013746633
1151153040
1125608116
1709392061
823583599
2092837995
1325290732
869525020
1036106237
278154801
317448866
1510468169
49486556
1095837698
715281227
768699411
1750493886
1905671766
1233305953
1649786851
1326775585
2122901627
55359652
989008934
1810160998
666186663
857303853
669154920
520716240
259896547
429816606
1534462874
1411049587
1555424723
1096371287
87149538
1500779070
274178372
956674558
389401659
552333173
1274123424
1899869828
601819729
222477474
467667407
1370519141
1972971360
225855526
456341446
1475274563
1552631111
431759425
1530634215
394156398
94436775
49337231
1251460251
763591696
570053471
1511356798
1193408302
2104516345
774922737
601349377
1053403985
862072275
2102128447
1327582357
1818746833
344046458
1879915530
945386609
96432639
334251611
1167864083
564100046
1704770752
993351795
789955572
13628551
321142710
195103036
445387976
1851776925
589259434
539824752
1901114156
1840719685
1303416448
323683980
1204592835
349341102
280716677
1979515572
950690480
1334120662
694104199
905335279
514219371
365367384
1249381738
246651253
1310753993
1345814377
580902865
331134428
1909914423
138189969
1324486223
552386348
151818520
1645628933
747489384
597206497
1349922210
1336748818
1137031249
1103552719
1029984855
292964049
1427236699
87094042
642305151
1707953376
2066609614
1592995631
894590391
613230165
350847263
1408809762
978597549
1600229001
1655461016
141867894
798559730
88880233
473002322
560990505
227070202
1797488545
1113376853
378888723
1295633830
1860866237
976095220
498072392
1050131407
2113126469
1601625111
2080116262
258606870
881378162
19726656
900912021
441847891
2086336270
346424005
1336438282
552082787
697271268
597764396
1530680336
150016621
105741764
1672548230
948576351
194621997
2145550552
1509566856
421692200
1795555449
475460062
800580923
943705631
188842651
1776676143
1441778024
1238974059
1742318964
895919487
1171606673
2000925834
1777297650
1191333330
754354207
71661893
1130185952
1100778212
1408100175
1682268740
1798049480
2005864571
1065465428
1948066101
2111606336
590530011
749158804
158744685
588596915
111242013
580436885
236668717
586702075
1381017808
1180374348
775544726
1010210303
474668724
2014518785
605045619
1370588212
1038641811
458487805
1000402214
82491493
1212842013
1072064107
1212677445
166136577
332680634
747462537
1964186058
191061557
1812927966
1764768511
155184245
255974329
366443668
313928931
844571244
477685681
894365816
1081239961
1064387756
127899977
114130662
1839932482
1138110280
588799386
1706967620
1743155900
1959387598
598125783
54160057
812306164
680617276
1267002070
1884370271
1893294721
1433138648
69567257
493273611
1249841058
260628815
158717929
867125921
415813060
414692258
1233569589
729741991
1259263502
1711255270
1624107808
193019816
628159378
1752007785
307150478
320608213
742634417
895949864
2027575833
338306669
707853815
478217968
392466727
1520159979
1158835244
1659468797
1257046603
904646317
945123797
1326613860
1397919928
47481207
1587242675
1556637857
914607129
2003055736
1971330115
693070
585314079
1083109970
1711948341
61938239
1276129786
192624071
1813946024
1583280264
513232284
409096794
331746480
393324469
747403463
1039600295
871542437
1139870190
412276627
2030377681
651855340
1669323230
787540351
1596979137
848453442
37976631
1644460345
288212470
1594614489
411583826
143784558
1418460956
412276896
729098637
354087278
2124225237
791036877
1630217064
169365661
457499253
1066013680
682597945
866596047
1397760161
1075922415
1613999511
289876808
1947464852
606386053
702153435
1830358886
1258241393
223993017
470415589
707736883
1072446460
508392220
204713580
1360658930
2103006709
616297406
1504443488
1373984018
1028574302
86058477
1728071296
1005315892
877095354
1210804713
1174681553
1334594608
129334745
1857279498
53707007
1527094906
785718265
1667706518
1816971715
585699470
126608924
371641502
268574708
1384850317
595634520
738990297
2092587200
1668080980
1247382517
149817132
881256262
1202905579
766114538
238216102
429405949
1794688841
324274579
9993597
652521085
1201369934
1220798310
1827202638
388480894
1350133056
1536998488
442187901
729744314
175233106
2109894420
399232381
760932576
89019696
770873884
1029507284
1473870013
1366508404
1768497581
1418973566
887105736
868396450
1568790698
1768361998
2071302029
187421589
2006578100
353224330
1982110430
183369031
363217928
487147867
1384738965
1584016238
166866857
1773219859
786665646
1703865345
67924113
1516409961
1879098451
30334885
1915642342
492547379
119354581
539032578
1522054663
1593224594
1905540982
1143068596
864714512
645163070
2011465047
286021563
266041420
1935283428
473443152
125135872
141024111
308069934
308504904
504242039
795217801
1693243869
2088258277
962084658
1318980081
727440276
518466355
1386904194
96366589
250081159
1417239079
2012008931
742628538
1536593660
403557862
117199554
982334606
161615196
1260268150
1847049119
806778267
1124249549
2133070682
1072819687
912049330
459030186
1197955560
1053073441
767100120
1506460464
1557315480
1562317921
1052220685
1498090109
376918931
223717118
78046737
895385286
1610621312
174413326
1145466445
880376743
38938610
1888094984
269486755
442496472
2005294538
1251821362
604111668
1118079040
951386833
1410889935
94844942
936973867
336225975
1006894272
1396004053
1534181535
2059967713
15620525
893158351
1469799545
1577938446
1945379036
820406006
1954857377
21612507
898452744
702759015
1632233819
1072866070
1848225461
365126915
1111804680
1588836797
634613670
1554301152
1446647687
1886435032
10929173
417243079
690338217
1421819108
512088021
1627312084
1758045083
1518982293
875832489
1144742970
1431466358
891453014
2037901321
753782255
321907812
1835796710
1574188262
129281541
1857409217
325157358
832040557
1342159388
1398023428
532782370
1707286303
362344461
2121619167
194416326
1916645613
1420783206
2080851358
1927574786
1838026285
623705928
1201910247
202630659
103534364
812471682
1721612952
979366854
1957214653
1005595663
1870819868
1847632326
1759377918
45244033
1535945388
1186082532
174525574
1245870957
1511239890
1006566131
440546698
761779671
1539348501
349353
1124124132
1513484020
194765679
893286097
786783578
128133390
673377236
477326216
751839318
1875287483
679956875
855373682
540275517
254086179
1834740536
350006522
1259681842
1558076757
50155201
871576113
1603320790
1586100589
2057658645
1777846364
684487899
1421414888
636928848
1125034597
35710911
28793701
1125383950
1159835043
1542277722
1320149630
2053121140
181577652
1448283020
579014728
658903868
52638690
306818563
1338860743
908012372
847094081
1592946923
595269261
1197100603
705145117
5862370
1247255804
1576721230
1609183160
685872746
1486896228
1239545876
1370360645
760827468
1876474724
347911594
796538379
1905268426
1473295544
1956373422
1300062500
645961526
1862010914
1481640152
2094244546
293541995
2140544021
2146883236
600360558
1331921116
907411961
1447454639
777384391
1502681222
497071595
1482529509
1508543592
1744327399
911767091
970243104
282716497
251179671
62305332
1653077142
1012007139
1938780057
2000988736
1808545518
1696564835
1326800633
1617435292
849143687
1972762159
1331962559
183300191
1919523058
1625504554
176360564
1918922646
78381464
1508281681
678850959
1525836104
138182424
34048533
2022907699
1620711933
1542592125
1619751450
384995377
365351581
1902467948
636175048
427656914
1408061442
1648182188
218953323
1261566531
1309244058
1915518158
440883516
779195703
617178197
266162027
2111158262
800478388
38201437
1589179168
976838953
1957124084
1667560632
337636986
488491395
1045913088
475819410
522539929
921337139
2096531344
2065132054
393604942
334043073
282999988
148589242
970218121
710656902
1556650684
470916661
929610225
670733567
1780160720
697644735
1111617083
411872775
1314822932
1377779111
375547389
2115301320
1415980548
1964726557
944656625
1225620984
1484803541
1282293611
1714112380
383232982
1758113022
89168661
1304570121
1707160718
6817067
1698175063
2041203791
289817055
1846764305
863938264
1000473957
1255931342
1334854926
1930084182
1926664909
967531998
480245269
890798345
1379404773
1795068201
121093808
1754952162
1762885874
1537074356
1572195071
560058851
615211693
909514964
1842352463
181840425
1292747946
1452981837
271009086
449834420
1012658907
277826153
525835
906379050
567643209
1847290141
1770317314
1568117166
955737835
957688592
1350717701
734919096
1925220590
1830962970
1625717441
1157141715
1478547524
1746811249
764610229
1093949750
1136401958
189321652
1654008601
1751613651
1098836617
1348877416
1933454076
244100915
654375605
56979514
693935335
1667034512
334805667
694461171
425929914
902448876
394267664
48763581
323082395
1350005499
1006452173
1673800096
2084924595
784189116
1357279418
1563158389
1941330831
688343294
1162485990
558457413
1782293044
151404300
747779065
1288817998
1903017951
1846615682
490211766
1688988379
2090716598
1144587372
1745967893
637168285
664138236
2080773561
1331629456
1090068151
835738789
1725897120
1138831732
1158821184
928418971
2145283905
685137632
865859919
781989373
2042417051
281534660
575836557
583276697
1444020650
1134293970
218086094
1595424951
1882073035
1506904092
1350959254
1581205070
1997115858
892463986
1524438020
994219582
490948231
14122657
1658357819
424238144
1345752114
600942322
1259976934
924165586
1739774054
271314470
1852584558
1737574311
956452103
570960829
372080037
851385506
852495489
947916594
1434662203
149032491
2082210564
1652748297
1744457442
1816799951
1012168741
947933049
1250521373
861800952
1840397035
627475745
1856020534
183861618
641598403
1366894705
608099763
1987350517
1967837027
1868076697
764032455
1560127433
2139391167
469133365
1150218097
948359622
1040094194
1522298134
1799745128
1892589683
322731080
1086923684
2041622175
257457996
592188333
1638595969
2074257947
1604357075
439045370
1177295673
318674379
131958757
1804771418
27211265
315820376
298886173
1394105971
923920139
138753042
1214459350
644513188
902785498
627103136
636420707
1371918863
1777321233
1584780330
264529410
1152135719
1237041810
9635445
1474866799
176481846
2051257620
1732324795
768670180
1542369942
1659099094
225543607
1981415312
688911119
544217986
2113374070
346198890
571429251
281710798
645085063
1965535222
1205630937
783838106
1032510925
1850144125
1686623604
1659614061
339081184
911058819
1289451646
1923861514
1175588229
294103717
1013419677
1185223675
1768970516
1189901523
1088997647
1353811663
1958571703
483883941
865427109
36631662
317815606
1554338229
580849648
283706028
1900537119
1152278900
565416826
398138534
970330474
1771047763
1181976640
2002841399
1473708240
721116596
1514971812
1812789424
1632175416
656939810
1589167291
660279997
951043527
455103320
1845503672
572530395
1645004843
787017672
1926342058
1456092899
1270901613
644285520
1492724561
1588717219
51140101
2073574210
1872423247
1951677220
1078369462
290356425
202332106
2048699936
2061404188
1384308747
1904057688
1387628780
2105425343
1271545852
1052934557
1590117111
1928485663
494618200
102913461
732045542
949721520
1948417133
1304575938
447242715
587951157
1083434348
1903335614
1858852771
1727719868
1248576528
1300086342
1778859969
1174667090
1025025942
1583053541
105552904
1315382367
1785385648
6769192
1229302908
1022210747
1910826880
469448040
980152442
1034889085
1522382597
422785906
815891100
2017000797
525699367
1547936642
819238669
326632852
705028932
1266481385
914584010
1788463281
1022333351
625953133
1368699501
123426231
1926039475
1000075823
1298093321
803581769
435645716
1403646225
2118964137
73547716
1410415418
1200783397
1095758463
1173758650
1670231437
2075910906
61164087
1045130387
351213164
877055187
914647536
876912531
277508182
1733886206
1203545383
982537114
852883943
2118129393
623516747
1875217294
596598878
1992216249
1998643526
375154706
844808424
1149253199
1178736475
1280454140
405415777
1150216964
1354001857
1815831195
203516713
302276672
842106197
1873748151
230703930
903270285
771394890
581917094
1780325472
1686042426
1458829625
2057833654
1272444984
514891361
892887121
2125328927
485537106
1516403868
1853062574
1082135985
1361136469
1704222452
1457290691
58461245
705992003
488543518
1338915386
1111407780
1638760483
545433595
779755327
1842277196
847710267
1621861525
1568541699
1078414198
377648162
192452941
1660331292
10489986
1878495368
971677270
2068323641
1003456704
1486568631
813727114
981301984
1972105737
182647334
686880910
906758074
1543783804
243619714
216565117
1602245049
949611717
705108636
793676787
2061019498
196385471
1339110382
693291177
2038662667
39337002
167669054
1459720719
1117751200
545317216
1652173660
630598844
555807203
1383185380
1602276114
476647196
239158437
941361097
1290374310
1220460421
765983187
1473021644
1907341331
1672741261
869321800
3477397
1889306379
324083202
953089114
446931367
1117759989
866624964
643316838
309386724
1559916142
534495857
348723726
1727585196
1994216576
1466474926
125418765
1498906589
2097073770
681225968
734608321
1551866237
1157873164
973766758
345743686
300763826
46743531
1111726873
1773785470
1954084862
636984487
495623623
1957562259
378807218
819706825
763167726
825738585
1937466814
1629792690
1469055423
99369890
1042225184
2003551280
448093616
622326733
1850284209
1914568542
747745498
1201707150
1864158665
1428971466
1936315471
1268541254
439360982
762598582
1614284940
740124808
809342113
578528166
366426630
615943328
1215512653
862050253
426021939
1594319871
1681757078
1189189665
272574808
1471740245
671498708
1741630231
1571110135
1713723892
1597697863
2019203752
188566977
1300498424
1786288646
936312475
354721926
1502963663
217800293
143553750
624021269
657161275
906152332
90822562
1397286083
1715494445
669350728
1763712714
183954125
1884863381
478279319
609976065
1331699604
12552750
1799165730
1604274412
1484292995
323180790
1198420995
907919482
2036904683
648635210
779639586
77988012
1949133635
418444585
1014300488
156371913
1921408248
1232100781
299925663
397945870
1889262057
1206077995
488768432
1139064492
774088793
1158119160
755293558
958042918
895498893
1233572878
1568018983
79714849
1246125628
1219701066
1683989261
582934975
1542881856
734926608
1490854457
1432302891
1383561818
123010396
1510290904
1185211805
541454981
377107744
1341583719
315379581
1609208525
1641509382
713325451
1350986934
700103730
1202093883
342567779
1474192523
212729395
1097861337
284751793
1108228288
183950567
1852770777
1187943137
1430076195
924988195
724448750
2013011170
320386403
1459375358
1356381980
1752689295
695453529
1479392376
1115496551
1880665334
2020847357
1492604295
1074765405
188743290
954329172
568791140
902068742
157832459
1268894870
2104162625
500400238
595603745
169408373
1598261575
880355538
1277636661
1782212143
585642667
318096151
1064804690
1510630862
1042544901
930332213
1831017266
354436612
139230545
1436222913
1049890141
1618622921
404235816
783071827
1491986630
1896840111
1857837233
1680729920
703685635
279144725
435315014
861518094
1548039595
391993992
1361918332
2143643340
561402365
812696260
876515230
1839039026
447424755
1462157898
9651529
1512229445
825305112
1052196431
295078010
508838730
1406633043
434308555
1945061643
309039536
2052931476
201813811
1092111363
1397434458
2098653922
802464948
930680731
654855910
1081609673
1365995745
1516374004
482165620
1757989737
730808689
478325312
171908454
1543504949
1354840543
2010947481
1990929704
669514793
2020599010
1355675501
1494819905
925311793
1650753512
2003658636
184461188
2085062067
1801236631
493500724
1990509896
2003050443
1585612088
1240460706
1954220717
240593388
23657789
461592979
1322203062
1389653535
1977966984
1804368682
1000159624
561292025
135210347
1172068079
2104796974
1490050890
1035531912
1948243030
12082035
908647274
1156434883
1506901940
1833959068
659704747
1363076928
2018420256
597283167
1016829912
364437333
440309415
872396707
1950049421
1680770121
679133776
43159161
1704427911
1140726756
1365362223
946597798
971210092
1022247258
1946757422
1532502117
1157457605
971341853
1489815443
500024847
2006873765
1290574825
512106882
768037392
299526060
2019008822
454512812
959230808
1234602103
325449420
1556513975
103948367
689886753
1996823390
976345074
492452526
1530109863
1655478850
535611688
1087054126
648721958
1900973911
2033651924
1619932050
775737521
1832925699
1004950519
1933195126
656783904
347282314
285736325
516174022
1637857139
797843207
1284211414
1937383200
669368382
1738724226
749130360
1903970485
2064173646
158160687
2007918852
606576752
7500429
836780278
1099029278
1537610292
344775480
1634640966
477180771
993497439
1388131230
363349047
465945841
16385103
48791098
1470896361
1949580230
705575003
1818178675
87832907
1221749025
1308552167
885676115
358476791
1098451719
1555044497
2097201017
1847582079
1311531334
2013891015
2005742766
1171966538
472984119
2013243195
2008746816
1572013398
1403369839
206038648
1059170716
1880550610
1199536087
299818298
96416010
1665481929
316203402
145207108
988894642
118299984
850782111
659589669
206132891
2072531136
1968141836
1091809006
283524279
919109907
499369855
233241648
619208338
1810901189
99649016
477467456
835384079
572633135
343227003
696647247
2144646533
1746596843
902685896
1056333602
1479663805
2102221983
1356151900
1576079815
1620220264
1672355302
1721286924
461631258
1790655286
424585387
1121220928
1996788178
349632876
941879116
941113536
633157155
1860989024
1440483392
866398804
332713714
1103900933
966047820
810181171
1939285013
1538680955
1153408174
488448612
1535843841
752521369
1391134508
444693795
84701527
1345872844
1800845695
1660781342
818609460
1325717350
1234584618
1280240719
968888988
1659170006
253977999
818193518
2008802882
1195857115
1759307055
494476389
909362491
1052306799
1360875193
1242076206
8724084
179439365
2052257377
1948009097
1718120321
1058181903
288974062
1106480514
1810703273
1680108570
1551174309
1895404800
878497766
1204536356
1408702494
1697107227
382770058
495803465
829864298
1351659047
7489823
1083842297
22368917
2016292705
132215764
1781675972
363285446
1041578256
686499123
1724160640
136170814
695223208
1903600005
40944543
495748657
1474236678
1099126446
784722719
433233544
762346071
317347642
1984407853
510267223
1195845408
1041460562
1918969718
745468987
1424230620
267289535
1575333285
628406019
274779358
511691934
650774937
143588415
643907699
284967261
506873861
1685485955
971466385
83550853
1821656769
1666689593
1987150859
1862601312
14954602
1313903889
814244110
799677322
1747137434
1576590182
1117024964
1584061639
2086857405
165386724
478038553
1858343475
910855712
1902269174
2125633010
338705349
383191545
252928720
850397284
1033966482
396517135
1494304983
1318933744
903390997
1032307290
142916481
986941850
706480411
1809606074
826609061
421598075
1824560676
2140512951
1235842185
476754350
1740166737
664948719
1593779314
1176744728
604322477
1759166039
1654783282
315182304
522538103
1409568808
293331667
861243452
1792760353
546260387
1711640736
679243188
942777523
1058462071
1998176932
1846168520
2090769361
2141093413
685626722
649766124
1803215839
1512235784
1071364199
1480292867
1505265087
159722737
1957047218
1097948176
824671456
1403342884
127209256
1428993933
1015025275
1781992538
1744176238
1537563378
1044077698
2037507905
251323183
689354404
436284644
1962963919
1368597592
1379062167
873942343
1219290876
1077747039
817228056
1212900641
1763373762
1466994181
868632832
1128125898
390874732
201442051
485907337
550597469
11005621
1583855513
1375268926
1414348506
1711064769
656779211
281890133
1345573660
253471801
1819453512
242167710
143496058
2070776695
931522114
579780703
1886256966
152636058
1958842870
612715661
1371926934
889106262
1429943718
437343927
504996376
749454251
1305976759
1633122274
1140328983
1507418811
2119029611
1690926453
1518424432
1555401476
918711731
785289290
1118982597
1575490942
1067179424
317072609
1828962744
739149288
559240320
1972458802
662442335
1490762434
404755857
401215653
1643398493
216115080
1013931315
867841779
1105221342
296391385
1305185707
1610217718
1045845636
463678818
1095856344
38690971
1971097629
1067402307
1729617424
1342038414
475320135
500845507
2127327704
1594302732
2076336450
1047023480
1911375342
1757815546
1786172768
323132014
1582790700
301131455
1813894448
1987546558
702347109
1309809293
56177990
1716278424
30167425
1161399332
2012669809
1335353132
624133402
911031797
1799031950
1719989746
949722768
1622645932
639908405
531856545
817200698
1115228540
1032702052
797044754
562047624
961554854
1844068235
325939318
571886752
1482757355
649071332
7193805
1783888811
315482133
1994740363
338752272
1625291426
2050918353
2055030696
1655458851
1064834037
1920216857
843328335
1688967439
683765006
494876638
1261473537
1633487774
2117522570
1901381942
17860671
787239620
869126834
1050562724
1584284374
1431174458
2012117578
1280868961
1757113777
436520683
616142669
258701461
443714488
252547832
574183594
290971203
591300104
51991373
194405908
498847152
1707450224
1259239945
271580361
403294912
800723736
955345367
898171550
2062197273
441349493
868210472
1816095567
459210165
1655450092
537738753
1509772889
1092250818
1968913211
1374406819
225636132
1578543340
1810927502
841778801
1837244802
107158342
1094326633
263944748
398129545
1685626737
315936121
592535453
36990241
2023386346
1851775398
308570602
279197610
505015486
1263915969
1177369160
419729111
1705265462
2045579632
88341030
16991979
1553546076
626079783
1526764868
498313246
447509347
753688040
723949378
2026052687
417131894
1565728179
1715813841
524290237
512571164
1979758590
922419782
50714253
148211063
1514955236
87704494
24113761
1219246986
396275096
303311371
1724262473
1660191065
1480680531
2143991584
1217972880
1378776515
84848967
1234964859
784838943
710928750
614246080
1283152190
1158438097
1367934120
2007101568
1037007137
1785066014
1425346100
605337330
161872603
1937917264
437612272
1084292386
1988631518
585823336
451763974
2076336012
609937097
1671010960
325127461
913248469
1247789785
1985318526
246445352
1244297722
1055807758
1625221868
1329146689
143288970
262577163
2040075439
757535050
1545729353
1051029889
2125469170
1405347274
2088037026
1763051536
683209726
545890708
1924924140
473643342
983502981
861732878
314791212
1569326317
1313496852
243643577
31779766
837024164
568771038
945028235
2084813950
406605916
1191473588
1181628024
1462413675
669211808
363291065
1605702645
931788971
255882856
215754047
330034677
1306912745
193739569
1735381951
1247466123
1956791105
271108029
1793356832
1734231597
744751371
629376165
448480827
1059542584
51218834
1761977679
1303186161
82998600
451518196
1871957199
1028026836
388848498
131079467
72016776
1570476522
1593493142
741228584
1933767587
1051712139
1673017555
42166795
1267466186
2003052232
1349079541
1461205755
1590950535
449062016
1270513213
1862058564
94935200
857261162
459326288
724311365
1305741990
1518868872
775530199
920236021
674571385
858528800
1371754217
399044936
1886555636
1760602715
530124403
1958572412
1183595589
2123617546
552317348
969879528
1027846037
77851255
1012046324
147828576
2080903488
213642217
1609034331
1524370375
662704233
732063896
1238945292
757639434
1589325059
1698271580
1481950799
747583401
1069656804
109997351
1667819422
1744228189
968526151
892089992
2143273125
707598139
505209059
525913880
518686903
1688804649
502047778
1071004251
511200529
1529893816
1148855506
1523246853
1677722392
1082275346
1736889070
1139273075
459162074
252109656
1871336972
1698107366
1009749090
1313178383
1248895298
344216241
2060761784
171068454
454213592
1581097558
1915296643
1422739743
325703902
1911086120
2130337882
830912962
289516352
501541137
372233963
791564131
1572545388
883434492
173974299
573917247
259197698
1851696691
1656192593
1996086768
843486118
2115354667
100712776
567339442
1665978385
1110461866
1880517825
767390035
1454678108
1793795961
938458489
1908891700
1227409872
706271484
1184147796
1553113774
469873956
1167002030
236543088
759390309
1668543168
608777051
1550954440
1093604908
1492211544
1724928739
1667522155
1751409242
1429141782
1176231101
1600012362
125144252
1144102120
1700725139
692483695
662596858
663703357
425517872
1429986893
2118381465
71830186
220961735
1879789518
1299240058
927233219
916453666
704870184
1397107176
2083455696
941413273
9013837
1604515216
1550190324
1559968277
550636477
894918220
1137413368
70674984
498843814
419071502
1246906085
2098856177
544215754
243524558
1652097668
1236699449
906121416
168317377
1662217322
188624661
139215195
1734047508
409586396
2019004713
885803918
1336819616
787974731
1590674102
586443144
723946779
384603727
595456981
180978348
1934794052
7941610
731614825
682228624
1145354978
802289809
1181072439
1564426480
2049195895
1132444968
2108642234
145236805
637058988
1197858036
1051358221
805376365
712591710
1239982882
944591560
299155570
1649569279
816112625
1184959488
838905247
1604087356
628149942
1425348391
180550488
1012753670
2020805372
361528836
800064074
2028746982
1093143661
1482292698
1026618312
1895433470
515881489
443561144
1797145717
1648326457
404719730
1942382522
137901797
1602577766
846257095
943278163
167685828
2086239978
1887869723
466841398
1588325609
556498701
1651800886
279747208
13102409
132467181
1705095599
193652897
1145220851
1578417323
555181733
1945284925
1459680657
1648325394
1280093975
338815321
1396275217
1795975465
782376465
1045937286
1296818274
1187096195
840836161
1434720072
642190314
1687093256
230514587
809876142
1625849586
2118384310
1276717541
1066691547
527399363
781034779
1346438755
540501773
913501960
904050706
734154670
2058722811
334984381
1289336404
1856524088
1794665038
790178150
989134416
2133480359
38969719
637626233
768373176
1084907006
1934444507
1955469372
1925743167
1221680931
450176038
1465352775
1452195518
1260052180
943718714
1423096181
389286073
2010410261
1950495544
1170320853
1209365369
343513669
2083822813
2113416075
1077668340
1995061977
300916809
219521096
1704102417
2095581847
1009699246
545753185
2081578559
1048668966
1183379418
702468087
2133575972
970340278
510453811
1911835491
44537561
960629849
1229704618
1496733080
73198382
25939684
772345613
462484455
2036349946
575357509
1632805308
1098231667
918871179
1569144474
1064164094
1996539519
1416722803
1365080903
68576967
973341572
1313179103
1078276213
1519094758
1247274014
2126945179
554990528
1949742101
2113037503
1525330806
312712265
1877389346
1569868368
1273342114
959610317
919117800
1346540496
985550001
1691463413
1809024952
874416299
119337274
1294346612
1972647966
1038208453
716007438
889328413
887264324
2132730241
106925668
955841291
958588166
1420104771
2034117505
330199276
519895137
2013579036
885189804
322153591
1979132892
263036963
634865856
1709038590
1832905331
1908207970
521165259
604539483
1107264819
1506715261
148519248
768806123
233647912
267856522
2063152735
58812231
1306064976
631676526
948140644
45845652
616923119
1055066312
1001686944
1575511285
327687436
888320801
1905710561
847582573
754416189
643416718
1169736164
586065433
906453681
1804602020
147620376
591875364
1565326343
668785635
1196414847
525107514
28017248
1344934095
1293913637
261665161
1612790617
1209582724
320477392
771371945
1841259250
1268618036
817217598
310698722
176200700
1818904542
1886210007
503888136
559741695
1644436921
1351470710
1314157884
140369991
373723226
1900223318
1046823672
30841599
2047843694
1638699036
1596167942
569145681
687630235
2121275456
597162930
2032564330
1267705445
858828091
1497871299
329804521
1179305483
121759597
23580124
300439871
938977195
334278846
476640571
610398089
73005205
980528708
1170139784
1717442126
184515770
336814020
1857812117
558238996
89553690
757152141
589080595
2137397384
248367529
37764889
559059418
935997764
11556697
1156222348
821078446
1279262142
2015050439
171466098
1609066664
1046872274
293225695
1632646788
1347312145
1232202890
1966925634
1823952716
1842600979
2039930839
656997776
865257115
1609889318
841513546
1202071135
1320217787
1399752543
1291624826
2077369929
1988833138
1281538562
178253810
2026598028
1840597980
1114251575
2038154725
849336680
1935330021
1169933220
716903471
2106796119
631516236
1763775745
252538166
116679376
963604242
1484741056
2083605010
640073311
1179858387
1976052201
1297071087
2045115502
1438457871
2138584634
1099702990
611192011
1390853529
243844168
541078292
1232203019
1525382730
719332102
1111317399
1218497063
1833583677
1001988477
2067833743
1621430051
24438049
637253567
1580742522
655954285
253545664
1833280689
772633661
1217149907
1170538097
708755023
1857223218
202912837
537323576
1006810657
100544691
1975781448
997911643
1200247681
439489811
241281524
1444091849
980568103
1473484544
821990932
1699900205
437318295
2040487995
1386000235
1439306772
1960838090
859946638
1463744821
450608009
293205512
2119699106
704153674
2126486201
744849119
1921303581
1149540651
1453604142
1631043151
1352453488
1990927719
490370160
1452998179
1819225519
1488281804
505762213
111231682
1729563328
1949854062
1091799785
1055564224
624361346
644216342
1492882520
517365693
2030216577
784705644
330720136
742679567
100966818
781328145
1035885080
73182276
1485481819
1014887633
818031396
1259301752
16944636
124151890
742861255
1369398124
2115079609
1233231416
674912656
1786821480
574029572
1180674869
1898053162
156109252
983045283
842369299
1211673477
1607406630
1486585642
557072349
2124772323
1369318571
1341777993
308008811
2111998139
1442744811
1089336957
1000399571
1515927088
427335128
2015287204
186474836
1686636881
2032231841
310626726
282014488
1254146317
278222688
1515245904
1929058973
2065044168
2089275476
962250194
1815613683
97901081
1945295478
510499334
1309574558
1405218460
1997084976
1866646907
1382507135
1218919900
1060941252
1690515947
1183434391
356202416
632369256
36350314
1872129504
1059704384
2051637518
2058604340
598857617
1936385711
221747418
880872106
1043048381
499970106
248634362
824623706
417530627
190426191
1786873901
85660662
288327272
1584685731
596159996
1597901830
842420543
445761325
1317065089
77444030
1664681225
230522693
1767959977
700631968
586725109
252845585
736982282
311370965
1312549970
641136152
222491657
1911407587
430038216
444239076
644796045
1473086597
944209182
893430408
150226655
1361739809
1083856599
1937100556
1447400471
1372183871
1374302639
2043560468
822602053
69239534
341838145
2139667142
146683565
2006519370
222706187
1914643542
559667690
809431297
20005480
1296649972
1120802262
1332555450
1937786124
1343293920
1096479389
220340692
1787532996
1741275435
1693427289
584258530
487222195
1843653945
1945998340
1571078794
1633270853
1245915163
795779017
860089845
1141991983
1618381070
929329379
1483830128
1610564564
1076012944
1342865850
1833270751
843172839
1902533540
495218400
863178319
1051699864
1616020663
48250121
842002341
811830935
1144729510
1062343033
451880283
738521297
608286675
1036138813
1225743492
304456972
834653505
649338638
1937727825
2080568669
1445117655
650334022
1075077004
916015077
1579663402
411423485
379095993
508192698
1754289335
64883097
1351365537
1509339228
560101497
67060208
413555444
28638512
115310329
1255557785
840469447
1260039840
170417171
1292349730
1998561137
778703846
181004896
1076820982
1083160818
1015658401
1726159620
873404995
948743422
1023793628
1523739018
2023820427
1939808705
955918772
287760264
171421051
1464111470
2042049599
236304148
667993360
1403905179
796405645
735053568
1817460624
825044158
850363898
925534761
1665513605
2110403738
1095951932
810379688
1961481227
1874655778
991384584
890818561
810332948
2007042985
469494534
1683737944
808302760
1493288162
1059993314
684639539
1285613219
2015912086
972399803
1457034270
1332539908
866965754
1693338418
2000533268
123387286
342260416
588103189
1940847910
1167304574
1438467087
718899023
685334531
1401387177
1814850956
1495714219
1215384756
1542023086
339615155
2106203318
204872387
199174493
428214204
1888610331
1007477253
1921502366
801119997
1692116792
1059631937
669548435
517032947
369182560
2002088343
1383998701
2062520978
1855137964
1507385987
257297746
295757505
1300750249
1424602320
1734224592
2019649273
2109936852
988128121
1687016581
1458167423
56029229
1081556019
1797782579
14748899
1286428406
1996957072
442963103
1027555089
856950677
216981821
1828675086
401583821
1276613759
350739873
918616768
1645796319
205344569
155131821
1560833649
2060482533
1662517809
1818131396
208756390
815784410
1095250068
1942980982
687950035
1057703272
783625455
227482968
368387048
839654684
1309038988
18685979
854403584
447983746
2015643051
1297366687
1475538836
725110080
1514348509
1156730274
1126693901
643478620
1507470148
2045310669
141791291
1712814717
52958842
1702624940
1625813602
1715476651
1373272688
1834569992
383777414
321039109
1630067326
1071727449
1378742381
266209133
1299210418
1747129429
1105863817
460765758
1765815408
1960267401
908749504
1633974811
1110150441
236804692
211601243
477015302
1393534967
1338295144
1120493922
753521467
1236122165
1262285213
318852536
1289081008
817426505
1944666138
857074011
43215546
1631752482
1240851425
364254655
1114336160
165095227
1742997036
1380545293
1464305645
1342642818
338925462
1925071403
960974578
151709216
686337259
447465742
1261859657
923141952
659066985
1738874959
169193271
1997362130
711885233
922714738
1086000647
1974170446
1241567274
227598007
644113303
1038749764
1084672019
687328849
523018598
178039796
1051583504
1637354758
343135023
647096893
870416403
1807440668
1989739711
1209341865
1585028423
803230641
1361051081
123882035
1250696383
475427090
1047023987
1909763369
66818401
1216217258
1759641851
778703634
2138931996
698158850
605390432
1233015622
925756858
1249503736
124281738
2010428877
1936832585
647300336
40985025
840932442
137171446
384120049
1488029335
1007587849
44077069
1330285398
69446066
1629105493
2133516039
1430497148
1752987528
1236728775
1905924238
652527867
999008496
1972742640
1868745125
611166699
603962626
1860193473
1309325549
1209353059
945725447
87598759
311373147
1070007185
2098027636
100722084
1717307521
2139012662
941654526
1854478967
375649063
282200213
714583168
419726132
1612485611
784029234
2048831625
1598518003
67042734
1654335505
687763130
1972966973
159379724
1686771626
1798225965
2028124849
150454677
254704943
1740834674
1459780226
1464058002
539076473
1547378986
1775431149
1609083658
1497922974
1876153234
1178907531
1489451988
670324112
885902850
1865101051
952524326
1600486018
137343536
417526289
237031605
38691513
2016044292
304074339
1693027019
556323774
129557664
1852406743
95611752
1927783629
1733047945
246066429
35004925
1326398971
1705846656
1499062927
1865475445
1105741994
1127010429
1327075455
456181320
855680015
358499339
1945633309
1526004127
1244402189
1663250712
331044805
697404560
1800594248
748571095
934436165
1839285762
617131739
1238510504
1384829133
1173455514
1368068169
1089752228
1269067266
1148368150
675316525
1515133696
1183373075
2001715497
1073496704
534952355
1719707294
31755050
1661962784
899299101
487936370
370159151
1257798440
286086031
1896163278
354716982
1949336744
79724436
1052121542
1602447344
828295531
1986557707
1294249458
1445427270
1077584563
531594943
471399136
298169084
1621347172
1740466403
1446537235
149180049
1108116451
482426662
3411898
34129507
1017379017
1723119192
65884557
531858153
474934646
553820927
902017304
1732733086
839906959
650696935
2087450068
641760055
730421371
992087962
96723751
1558716902
831162021
1390973210
856660524
1908746585
1922568153
1328059661
59432021
1396431677
921042416
1505969256
1545611727
2029158867
1988395919
1549023625
2063288374
858291288
1124659170
2129172931
1390149442
1599593816
535510210
144683098
1184843254
1375417169
795380033
1124809675
2017177224
1525801404
2116897637
2113900976
937034658
800576011
1357390538
1793695183
561838948
1132475043
974271196
621270969
381423073
1895313612
2127240226
1927034800
1776988831
1968152497
1328574777
1692793557
678960137
305750299
1674482840
2069109579
1905344115
62509402
66309030
942703722
1437926572
861689063
2067513397
1307620148
240006820
2036927386
1274037476
1177041478
690019749
483944366
823253013
1251858697
1616419410
1797524209
1873129667
1997842483
1545354173
1852886245
1777393635
1174859356
1673555094
958484764
720169265
205031583
1264235064
247168457
126657515
1022095531
309677860
192966545
1964799253
1747604432
1054655608
1884829002
907740932
1294662428
1774272741
34294761
324220259
316808842
518239127
1147473272
1568667540
2134658537
797513834
1294313559
1985017372
195384359
999716156
1614927359
1370243716
525787602
425928476
2090412981
730819185
1690163540
190097791
857476700
564775423
499775651
1050443245
382091029
99896435
2105098854
119436383
1007637367
1252277634
1893709124
1041932128
1576497893
63034319
1560171256
576487518
1631701859
1547346145
1374001352
778531770
1384879870
1569385711
1778247926
852323581
792145779
156551880
1278252057
735075113
887371065
820931949
925172904
1744847766
1385707373
1424948555
647807363
1767798402
1524844990
605422569
1887234785
384998709
1857700204
1633460262
1426930838
1286714449
1696494581
839618446
1863201967
1180712792
239480943
1089719671
1959244562
1624360813
511621735
1590008840
329200747
1303767514
1746560720
1607452804
2038842627
486448137
280901106
816531883
