1000
913790267
83709573
1371092676
2137353547
490647724
860935753
1201499665
417630208
1991738152
879159644
1521035345
966793628
1975444389
1505203993
1357949045
1599238928
1215360945
249073937
886577446
298547214
1693772019
74136605
270102783
227420236
230458360
628698939
1065674515
1000021310
2046729961
1930861574
218215792
813036580
2014571147
1589308468
802906479
357735224
302760573
2004406145
775365432
147015077
736082141
148917130
1113808706
564042883
1654121123
324274103
15798163
721998420
573348041
902375610
1020545634
119636412
976512215
1290648417
347056648
1206970575
1919347357
1412731163
59508237
1818593670
1196109090
277724029
484146602
1063196589
1867032497
1287053081
1420931813
22309423
1143975578
48813598
169324500
1880057720
197730728
1283133206
296616955
1851851851
1607407310
312415118
426366623
33271703
1214790728
1446912257
152908115
43819296
590077026
499964764
1250789871
361940735
1912695927
1310298109
33050757
961321369
1588022138
517197359
2024517959
1307570988
1804250441
1297966124
1329880411
800742371
1346779722
1499204911
533316443
1544510450
634854470
829933398
1248878653
94778132
1142348517
1675245276
128049835
209655597
974673885
280957950
253474893
1564750912
780922714
1504264765
1926691647
546134994
667079226
1959742405
1507456363
107617716
329456116
1384490674
1415188704
2133706557
534973151
597585467
786965281
1881752873
2096790379
1320281724
1278779676
584161201
2731475
380174681
678939333
1145079992
2055419958
806989168
1354735589
882610195
1087947118
1608210483
299877459
1868869833
964991600
79085459
267521179
1632070826
2038827864
1774977542
1739688542
220800332
1011984569
1007393599
207023242
1546957720
1604979066
993988523
1281226945
1554285797
166786599
412522973
2138446998
169518074
792697655
669902683
1314598066
700633965
1476891851
521850008
1583244160
417355322
2130060491
1883121620
138741507
947568443
1962207079
406262686
432155621
1853551295
33756580
24360515
2074351627
1045741149
1031754114
133891221
445215221
489249533
1127879744
1726442167
2043535330
1294666344
2138965140
2034498681
1464184418
784179147
556917716
631298837
1484813112
2033809568
1153148845
920573625
303681242
1135725688
656211597
442422749
2083294131
470935028
848685435
367966104
177002675
882442015
392326619
103870654
1928183165
1424080734
237761876
225914738
1913330267
1365641620
1952356905
1809381949
512824316
1943838398
1696396982
1977008735
580533897
105831051
460823924
2065347010
2139640619
1613972769
838436987
295838213
602214809
1494648584
738260962
538025292
1965583612
1586946397
905991396
2142586287
321904764
1298318015
98973293
102604281
574915101
336735169
328519020
340761720
1702376790
133392277
2660022
67717458
2077230675
1699057004
2044726193
510280925
1804888055
358066469
428144287
1797045026
1972039238
1266581274
2092883239
426770399
613746210
683660553
964795691
431846174
123123302
1870787087
426948813
445028067
1021621455
525922106
547632348
1596536556
862657276
876151368
1937298277
417550418
1009543646
1939958299
485267876
939290673
1491531655
382510422
1449571598
1148936063
740576891
1877715885
798497441
565132482
996813511
743897033
991902881
1610559721
1427557586
1956698573
2042405895
1550680889
1680002012
321871060
1995708956
554139819
847793167
395857656
3192728
1710450443
1272009025
1940491005
2128000861
134069023
1732965656
465785089
1073359696
1077013663
848295511
375447647
78466078
1588872403
105679884
876963520
6521237
1102493396
1620860553
998424118
565569469
900934491
807639043
460491717
304131732
340157408
782362777
152357040
894297227
1630155944
548214697
897489955
1193122739
1820223722
690497312
1173639952
1954292745
275979320
1639425042
880168793
1352992984
340236905
1255616440
1431459062
1929109308
1361296325
160938934
1935630545
316306073
1781799487
786571016
881875542
535250331
1594210059
1342367259
839382063
1934367467
2124730037
991739104
681181047
1607402333
1539953801
1578671002
653041425
1212693875
121684667
1826681377
1019502972
397663987
1318622771
1899671765
1750656971
1658859677
1007804558
1034632386
1440485337
221617235
1195571320
1228632235
537923308
829887160
2015203251
1419798850
1365137491
1461929662
614682462
57035906
1248813482
591928851
1048775010
1929994529
51847536
441245163
1361181883
704888961
1653939038
1482866550
384086691
525958362
1880530538
1702709462
278146480
1483703861
1214085491
1285951038
370852599
507087181
1507568273
1566423920
1735719416
2045491581
248827432
1603439019
1317806783
1613964923
917885033
1932489245
1671000829
19214867
376934448
572292192
1949209396
428781985
1013537355
1162907632
1133670946
519992746
498290534
1517757637
1045951108
231337424
1072983452
1324097588
1715041286
139585295
462564978
2085893885
646672476
1970133251
1504834157
234908244
1868141184
1753661589
1838347263
1038464320
1220142864
608748649
823469917
743660046
627963516
1200404366
1315952238
429689265
1629186351
182005945
1592596897
615373649
701998691
2090887431
2133131287
1747949800
174741208
1058631091
924563740
1889782494
1198216386
1387128719
1828192731
1844888863
1209778322
1185543241
2079797107
930435859
791721182
1770660723
1968900179
2011864047
231925724
644886448
608040445
859889240
1845290814
1923992683
1289578505
1326993517
2105998628
734691754
1942367167
660513672
678095538
1928014806
260979824
852836746
839162249
1185543564
595135592
2037378635
425188635
275844675
1734783850
1634966958
1461387916
1667097310
417919169
105625451
1290274385
239335700
2117489498
1522200109
884222148
578046295
234605701
582029315
354555330
1524184207
1909022832
313070310
111392313
1703906351
973583982
789487851
1484437509
1234563806
1642324597
176116110
272623723
89976541
66011098
697812358
365821217
1800794948
185295668
1827209133
1320408610
603214837
1932834584
463199347
842550537
1902840434
1985399456
1726772686
333403081
72521510
161318353
687958411
1596705717
2070341185
1001028722
1708098030
1626763889
1974612704
350102234
963717750
1061692863
1992426831
1139833861
1334316586
2082403373
1205844959
2032128944
300740942
859156259
69940965
2127950075
32081222
673155802
1913301012
495280569
1515706340
1668657798
333196378
1094995378
2002060880
405717888
1256313731
542535643
2002423605
1179171268
1543564365
1563037987
658451509
1370693422
1913140221
1622169260
284902637
1758083405
614519473
1619219223
1693003130
1820364432
1503864519
1993744072
532037043
1573805484
1974210499
564118265
99477639
1740027863
1059398835
1615183979
1261202014
1392595213
562695709
1115779246
1798313101
1819009440
1658314889
1653253058
850697060
1054395607
1068807397
1509148570
277605381
834463971
983834182
562508018
445063728
1598353655
34243593
2138066858
1271234439
1538108112
1984327282
1803271482
964429949
1811054133
219906100
1063907588
1403598349
1279304935
531607919
517316715
524416500
1094303628
1633095961
175245953
765829420
1143927202
1828499011
1616526480
50839161
749822760
978191402
328444542
1584286731
1962025584
890952560
2029350459
1412895591
925196153
2019933669
536646382
315820618
1856777303
192434217
1280250567
1520347789
412340317
196674507
776462490
1691645252
728282426
1293779205
68578104
1822586054
779391518
243824057
440931826
1923318720
2072323068
2057458306
1974157882
674662180
888166061
155118776
111465264
702707997
1046071337
2140815723
2115603589
1971267490
2013265745
504766323
139604460
1722559400
697200540
1419855027
1095423541
1109540857
1616529534
1871886031
653702461
197328312
1018181588
722280565
2019914366
1797573106
966104622
313362544
1573408179
890944042
223337203
1400082413
1565606223
1111503264
1555201189
1677071487
1814211261
453788878
1670403562
1782331202
277572721
1536185659
139613878
417177181
1111261412
836814418
1837032209
59201305
1946355276
1306078095
1931087337
452574089
1503406408
801785277
1174854655
1375837126
451874736
2140959277
1689199671
2025282915
884419672
1912536874
1277881680
302542247
876556490
685599221
1979613734
543284103
1139388100
1502533648
178131658
1416960821
891235660
317745536
1834138002
2002497072
1154559954
1523686563
2061698377
953431582
682281011
1845302066
1406005672
38203771
499603696
433376679
1414040897
951478432
426852308
955756920
829277699
1311271980
720810146
2107159379
1613814227
1597366636
645274952
1445944313
2140650740
1784663052
800994314
171298750
1054140225
1692229974
489044286
740794580
1547243398
1643604240
116997495
1461458127
449552175
799278506
1159276546
1855557847
837482277
1658880242
141450878
104039527
462875026
568303186
1059796447
1292152725
1879575167
1780606594
1251828456
1345905746
1230489582
1897103408
644366412
1223656674
1534282813
1445360726
1394955424
440939390
990107052
1883999710
1181733970
389866802
1380120303
1298731466
1851324929
1829672478
2098009972
863117827
1537746677
788008602
374514421
1679197555
892048129
837389447
100017093
1951844576
2129542172
1979592260
1584967522
1233886980
1178014359
667973457
983506741
1822380771
1891630131
370305906
1120257849
1139101908
811245296
2110364901
875617970
1992979267
352748055
108254625
1144227085
56589336
1937927103
1094753409
919707164
1328190132
1882762011
1294221585
859904039
627326492
2131611033
959921133
431687421
2113669557
792029745
2016654943
1200072890
1970044104
537144752
36095983
1644941227
281291236
406401889
617715428
1420393144
1217647185
580596681
148527466
1063142804
933344736
256782092
59886241
989934073
47225547
1154639651
1909641237
1375415680
889918014
1056379174
87836071
1517244507
1040506559
1047757204
1948931928
1006692469
1839786950
1818103223
59281711
1662347406
207764328
95377694
1159804986
489055564
501779583
1777520414
1909448708
1719426768
210633448
2057976174
635085925
1143978184
167274618
694972166
2133912257
214500166
1849611817
1896069846
1589915846
592046184
804965373
1677751917
2109290691
1845471932
578025474
1910738971
704680753
270328776
1581358546
763962464
1932676182
1789122874
859340158
944997520
130694790
1361119741
575034287
2040143498
933062862
785667735
1950636025
1568148787
1929645919
2117910643
115637305
1916074529
184927161
1965249123
1664660727
1774843007
409811659
322142452
1305111277
371618702
20130737
1883136751
134874025
724811490
5981879
1716232571
1488773955
1938658061
1357871798
200630465
736171934
1488566588
1561750207
1311206221
1381226439
347329421
2096873956
1184378816
1915478208
1879036227
1154805811
2031115513
1647627108
1339732973
1848880988
1164804188
967092332
111208999
1486946640
124719961
482827701
1507077377
2007856712
617701726
84405220
2013838591
186450650
1573179175
1805013005
1544322448
1773809640
393701291
885405388
1188076199
