8000
2074179689
1729283738
2059545119
1424448166
1042733415
22768469
951748334
1917517875
1014913235
654238418
1622578639
977563255
2045308869
1172498360
922399459
1032841623
1240658391
1698496726
809935852
487707954
2064028260
1089064929
1411342954
1694607844
704131847
1786138905
1545373109
1945400047
1674135102
233666963
66021304
1600831143
1962950701
2125566424
877795662
858200469
851245
1829543996
628234696
1015764480
336298766
103329687
1993327735
234123987
1275828047
768243546
1266965611
369002791
319256624
2076901463
856710745
235801236
1018482744
120570052
1930409080
1722614591
1906708957
1328298542
1520530991
1433360411
1561965505
1586552295
886707907
1377432559
1564635071
1764503569
88149380
1565486316
1446563917
716384076
433767149
1782862684
819713764
279611236
2016986671
2095541811
1047854783
1136468634
317060954
1367111407
1065886449
1173771700
1602912644
2084369194
1294341752
1385838076
1659500137
1053567061
566652970
1032547480
339443825
2128618476
471616128
1226151732
1358567387
2036251199
843171653
1446716767
1454253868
142251922
15617195
1888021017
1925114606
835330959
20148605
1794617630
783389123
1068003388
783602616
1100450077
287631148
1849489066
126738129
1890543792
1786374612
1421079881
1128898220
1298391101
327163295
1695551191
183454934
666607120
1676686019
655071062
1892758852
887769758
543838613
588446857
187002877
1998092481
730698779
202620072
1738629850
508329738
1037951032
1758778456
155463720
1821340155
679298196
939066336
774306584
966929344
641071754
901044714
709989488
279962718
174640947
1838887709
1578353820
501804242
1386955252
1761808754
1168411362
916157623
269396168
913686566
1803927381
813234781
1502133423
1990930258
663843615
85348555
46066682
254989817
593678293
1084017714
2013768273
749142013
757874221
545582822
1688208349
1532180806
1512512166
181796456
285741872
75018007
461759174
460382819
1913905716
2040112994
962187062
1153377320
1654438100
2130598424
2069534943
1923834268
896801343
1725978676
589585402
251451118
1569425286
1253429017
336799673
1615491968
1508418834
930477966
552026035
1374703460
1679619979
1309900256
1920286282
1220344681
694597414
1285314800
1402141137
980339286
1360332807
1863900311
1440722106
1126754875
1756529658
255425520
132648547
1263484110
238540296
54699842
1039834731
1135341639
1780678518
1629420133
1386792758
1202620156
735365502
1723592431
670628477
96300688
506586750
1222654512
1471004148
38723081
385071120
1243806782
1259067762
1079668535
381637935
513725251
2060007821
1741970742
230141915
1353246279
721241970
1986671573
1608671799
853890517
1102672035
1847212096
908590360
2142506766
835070087
541785230
1624443251
74379197
1744405387
212325105
1797971629
267550216
308625794
157074731
1490204728
1779629942
195797812
1875275848
875953077
1454865575
807460735
1257591012
1968590826
719984909
852078106
51249093
2073231188
1573320076
2037920666
1534419340
279726946
993109054
1234147788
1188317306
988132172
2069217875
1730102536
465091776
2143597073
1327024275
677416881
1794085054
1594574491
986042675
1951159785
937295571
618188970
2146957597
665087772
1494142047
1454339524
1472548507
604249411
1275446703
45049768
1456327517
1326695796
2118280957
882163946
1217132815
1505216649
1161890892
62758221
591880789
202724550
1050890393
513615016
1932827086
1515982169
509728441
1112367714
45915403
156329847
559458557
1031958078
2107489632
1496754129
1650147048
2106963582
14358253
996805447
1413819458
1486906760
1601054858
541782513
1531956529
909898728
1868478310
1502753838
1792062674
938127477
860486839
806469918
1000885698
1452367628
1009194468
2051776091
1965982644
794537906
1420274613
328227438
1906905620
1466190016
484557285
318880530
350664446
444563270
1815634659
2000811495
404043204
1829992912
850133294
1817862662
1169416024
303704505
212161528
553888905
1213603233
2080639838
2056642743
858182259
871283667
769645934
1664652177
1872169365
74529914
526362997
1776461808
2040512559
1320900903
1049252773
221256349
1080322876
367959141
705813634
1399203406
718623588
1150376904
1067354417
571951435
1554420108
749863681
1422084729
1224799123
1919279705
1725789234
1436960651
325684963
791908819
1370116841
234844058
1650091078
93916860
1004489993
1167259607
1966086225
1079019907
1693622604
1595064385
972048818
867039860
496833511
1193305167
1947362736
864792652
1899118802
1199082494
1583416240
902012058
118953263
7884027
308948519
868816944
1429968757
1533747642
640613001
1008274343
823224645
966297964
1800183163
45857838
1201142023
1302790593
139774698
58148368
322566553
2105860923
1137168275
2016189157
1553441660
2109217094
735745369
2050275171
1155038613
535624457
767584176
906673767
1734706951
203516768
1808685826
1853660214
211400796
2117634345
574993510
1641369553
1503898339
1215606512
502160248
179639336
34420828
154859763
225497174
1235562851
1457650357
365271872
1293711219
1780216910
323649147
283395847
1648922419
1877090807
245129293
237184141
1779882331
1400167906
772808598
399982859
159358026
360031902
603499627
1968043852
66208468
814900423
1938194549
641201979
308786328
1294609240
1856808491
810946577
1474248576
1891229319
965806340
1699745750
979308523
275973049
2065017622
125536094
2056189959
241183121
408931941
1557628731
2118273928
654061234
1794812872
1750672611
2054229141
420137822
3171822
66103519
780169724
606671450
2034147371
846378193
1421571873
1824858272
1487580172
1730358202
971983864
1196905015
393821131
298748792
940650686
1359627471
1998494542
1919959209
1635600521
1916028516
2045495304
1544306832
9727989
306943597
954451915
2128001917
961004832
601781139
1731190881
867750325
1021918962
1734362703
933853844
1802088686
193550505
820517567
500983231
1615122379
497892191
1988563403
1197996933
1469876055
1037984770
1591818064
1768624847
1978635457
803961887
1619635741
1751111018
292078760
1388180609
1649122674
1836385593
1397908598
1956066272
643353860
1378426867
769587456
1245135000
962134100
1637337781
119570314
549013156
423707977
1921659000
742563661
1244225544
275158584
210202392
1742117735
116238339
1408199325
1064510142
1154223110
852533741
685651341
985374919
1656495629
157803434
589002289
1948574389
1545984043
90641316
1637476334
796408993
2046707588
133346547
27352212
668811396
1378481547
989486313
158665529
1498051861
1538499469
582373506
1272227213
133579482
1826599050
1547385797
343781875
1421233137
1663624137
1751981200
338259631
670363599
457031294
1023910972
1655738518
2113526923
1181714406
97257159
1914617664
580214801
187898475
1404610351
1376623794
87122415
1537956898
1403976006
755933811
768954797
245978671
914599340
119523010
1784478140
1496972846
1391750223
1918057623
1176088248
791652373
114355850
449837737
307792862
1866337050
788097368
978156461
175884696
1812008340
486411331
141927971
846239098
583668490
2056545636
1426453899
771566966
1313672339
655594045
858689381
704145589
2059570052
1614623193
1473100386
158065075
381738885
1592623396
1942543216
1878711732
836889971
1713117191
907316332
1628542344
1827473041
1357154070
1936335206
1546326443
2145251438
767008019
1722211140
1809776131
1253419350
1864139111
508531581
1837087841
1773201099
1934985481
461171159
939389790
443095878
1319860540
1643535379
355182282
787000085
969152117
513247358
1168738971
414291865
308306926
899967055
1251181837
2021424117
1807283387
732240533
1701413510
1016953809
521092092
1100256305
1014721600
1288100111
674983797
677014083
394035814
391639261
1185545664
83640007
17356712
973047497
544811166
956746503
1416143376
1864671706
452798234
1771325658
504188144
1421950352
137089368
1672927115
1836242217
445396294
425410522
939940406
319336763
85210261
1672180940
2020750273
1102164071
45789384
973522931
2116885671
1333889495
1648506728
646416106
1727925309
2040145989
1831961770
1811565316
2057502702
657525620
208892834
866765557
2073668996
2073564541
1319563791
1697511006
430269037
594030495
1834600375
2103196152
282789065
132513021
381123026
1222729471
451849785
466333287
747426763
325116410
1568497358
793216147
1298639341
1537899381
2127105643
799662422
36831839
1707547304
692324763
1868793610
1371628973
602343817
378835582
1580521807
1469109374
305020930
1506602700
641189518
2002531936
1936871737
1235220013
1689648663
1892584241
1518009078
1822161685
126223619
593254902
126527822
592556907
1340681665
451644232
13570617
2133897813
1750283574
1551469999
2113519808
402462348
1588301838
1673583464
1094787111
1309611800
897728789
1697130929
1688447382
330766949
1018756655
1993468312
1837369649
1659946173
1848516601
1626757739
747682539
1390681616
1371858332
118207969
1065359653
1498081952
711462871
1191887475
2090638859
2052144537
1643531708
2104209476
2038558702
1246331634
1508195827
2004594862
1648793982
949014018
1530694678
596097445
111142170
280939820
145744726
1799589553
611706769
1164501382
1645574217
301592770
676963907
1346607170
1928350509
1424646446
589805139
1152725194
1542854416
1655164792
503323498
106833639
699568620
446478709
11494528
195616680
403204537
2050053230
1441948314
1911400365
1907164444
943258648
712930735
1290375475
1539356093
824072905
1571315295
1685100820
476178810
35538416
702118554
2121753028
337131186
1379082461
1320876550
117998048
656245260
1910681689
1270723242
51616028
1418362834
1774046740
158449667
2117931454
73041801
169944196
166064486
476246338
72513778
1608012800
240163055
1979678223
403787800
953093790
1122570050
1943143893
1777166696
546401697
1480761065
105861858
581940113
35395971
80131238
919071299
1414478433
1401007789
1037069347
2070723693
1164205830
160308941
2122339721
435085016
1934355681
133305740
405532822
2007397482
303249936
571597308
336160173
375763715
32126460
576323228
207958290
435914260
1529417019
1330528340
231574506
1159100067
1876930037
1712335571
1264961925
311386502
1747731543
1345093164
1230457801
1014726328
598617305
120043501
937966373
1762823135
280352442
912822446
50424504
67224476
1046128186
455957326
2074621958
1349378123
1027554635
263298483
1725141838
1059681095
839621712
1933100128
1495595356
221555083
1116144820
1727169862
1380655150
845591209
1292021785
498133427
1156977711
892269680
1843226591
239951864
1906996008
294360248
359995365
697478733
2057183384
640347808
1610301179
2107607888
707572284
508945718
416081566
634710594
1858323841
1443636201
898009078
1435982031
355833649
1737630790
1221598511
1851429005
1959185873
190259683
1431115219
1192357375
1035850892
575653356
1690490802
45344955
1467923037
1386233746
285296819
1227435397
1680593994
645292185
1924914131
1590293730
1285639993
1387731662
1550417970
1993212277
1896677380
1966499537
480439223
1607517573
1262652090
1378448301
896015956
1618485739
968595443
2117614467
1322431096
780297668
160390502
606062667
1972655043
1196241394
1181716024
1515662198
1241586349
502155413
754412296
1526883169
1729590810
287522642
24691706
1507021293
1877816373
1310331699
747269308
1280750695
1156060328
496463040
1099766584
1636499551
2103980614
214935027
867464205
852512922
1833420766
1836059648
822643742
1008368215
468873669
983034244
1614430882
294045064
31791991
648663258
1809707262
1273378340
1150818671
416635910
652777861
732925834
704158553
677469567
92463479
434491278
1987801266
839732787
1715241973
996377946
1336195828
667524910
485393850
1292692794
882459937
1352858055
2145205716
568397055
1041434055
820365810
1576765270
1510307724
1803400055
1043712505
1804352789
1835192046
1692375763
1466576403
961086738
695710787
1883212314
1613864600
1428636621
439887219
143850519
1521100100
874378497
2131651786
213349240
442136822
980546084
1549545068
1109661732
1465939934
694754214
1992121669
671314341
692476282
413035077
1712748397
1512842093
1989800347
1075572473
1168758500
886029204
732441614
856466898
430921320
51534370
1817553636
1126632107
1934746684
1283934588
407785080
227150255
1427785108
1928885180
1101528752
1411953246
2142234420
1543665574
245015682
1544295840
505843659
1710955617
91566406
350481680
234786310
784042689
763516757
1947534707
149401134
605833457
875623533
1318159634
1491862661
1608065147
27142884
1922783981
1659599517
1844696520
901932440
1446862553
981147461
1309717520
1674012808
261448921
1091119053
628057912
1673402167
1085869825
24239839
1918417849
482682018
530083498
1481889818
574248424
880565178
1716676129
1358291113
1644081936
1516727188
1507692247
102431745
244867073
678368233
1594294406
1852932221
705511117
1369594740
1365048090
402723990
124043532
664426996
1383871451
1433761053
190956156
1645320372
377396458
819014069
1171238891
1463266283
843253908
942173092
1945948301
1373337406
276579263
372713078
106418936
1993255392
1731004191
1750500872
1362498932
1091212791
1852932617
1607366006
1769581024
1299743376
1312814579
327608494
521854468
530379021
730332484
645898000
1194806017
2114203935
2079659053
1385762174
1612040659
309571863
57292595
635795902
1772838147
900546503
1577968994
1571302800
126400261
1854548257
1944015878
232819197
1700320001
1527536422
1983320070
915335286
471265565
1688769039
375217644
93362941
841028767
1688032223
420971435
1362883235
70927596
1151303919
2008781236
1265733614
1118024206
1940956641
504012140
582581217
103044857
561304735
1218377119
1875883004
1461851238
648862466
1299702156
1588251499
355927075
1096234387
1821070696
2056247077
476287161
1656907118
824098715
947552726
1198192510
1199316359
1040915667
2039221277
739864934
1461887103
1254620865
810792530
465707374
1115918453
2076526144
1583731581
909391446
433054636
18829150
1012436303
994359371
1237206270
740835659
308726961
1886068736
2040537816
1896978460
94512163
989288555
1570565509
3275592
1465575716
1079988979
827374307
265644794
130697841
2026690666
1306560461
22435471
619071952
620963916
1277056336
1429864483
1086671291
245491141
1358906979
522919224
1154882587
1791961616
541748374
19835243
638837339
1778954644
760670902
947564301
1517539732
653725070
697059113
1612051896
1643013625
120140974
1615327488
961105693
1200129954
295218148
1226750487
1330827795
174425166
385827301
1353263266
793497119
1006791217
482835954
75877954
2093462508
728327095
1434784933
468898084
1883209683
1079262901
1010646459
1903044926
1718100241
642117455
516232180
518180894
12173540
1169957251
1215240007
1624225436
665487228
1335380982
1092069276
1626592922
388027288
1387287424
705859761
1718855083
1561712591
1091687062
924634702
207726062
2098478280
1407470656
283604016
2044457140
2135797752
1718388949
365871577
1871523787
650168203
1376518036
1627085065
220784796
2018635491
2143317245
738965690
2030809031
1165790848
1954205697
1507550819
1831278077
1142103031
452136448
1310387351
1530130319
1839423872
2016247112
1101501755
1253652815
960450527
2026136457
1461378877
911445159
1286123465
1744982893
808418651
1274437569
1315888195
1174290228
998477708
1966056398
403324616
478079125
39357546
274476460
473912723
778323236
157801843
1639703571
585045285
1665352663
1323498000
1727148317
2117489111
486401703
1109794988
1809429335
355165168
63813095
915598503
1315615695
2089949552
229493732
79577206
1228589370
1974476626
887995857
355543291
1142881173
2062286086
1354021000
961453923
318127054
1832100125
1000811469
592603514
158529200
1779134705
750405358
1798232772
216696342
268274373
974247124
1943844659
238279836
1460648828
906156000
2047709171
1815813996
969969095
815824026
983946043
912435000
1045317759
1063523249
2141024370
872310737
1951519106
349084013
2015191910
1866321544
1703105013
829162185
36964951
1387721491
1829973654
629568465
1546250691
1461624711
1379973823
1196999815
1678321053
1648248196
23763292
1474682065
1886528032
1484412120
233354417
1786753556
1152742468
1203323512
455093934
2136688511
2115758512
1500411693
1052728112
2109299234
225238782
856763570
310899600
92947044
575601467
2014004613
922109229
612566418
1254242456
604599235
1242134883
653009500
2066223946
474625059
1850009315
1597061352
2122873255
1873772607
924259769
1861917640
1210701079
1157614186
1501187548
215959899
213454050
1956281482
205164762
181728915
1309209528
1257892874
143544501
1534448310
2114656445
454444101
1627395355
542774264
320965067
402020936
1155340682
1575207523
1006620172
249991917
80733375
925360470
724616976
1930742691
374938174
700006584
1657031650
1299197943
414440576
720249082
309328481
1915628124
936208981
522782532
1724425958
1141373744
704511447
886151838
251782970
848055948
273116501
218955767
1302500050
1900511856
761730031
1623465117
155049144
1917070713
1051188992
1161669316
19578983
1131922368
2087029787
744195959
915181411
314484313
1444202543
424729413
1613682257
1858643119
1144978495
1923010738
1626787595
2081187477
298309622
1203729906
1075077573
1002821069
2089881744
1326860543
1850877018
215514597
1545816311
1005893420
2116026453
160062694
481874889
123591950
2077133408
1533063881
1285261266
2096712391
517502601
1224807405
693424702
1432684012
1539291719
2137627246
1857413426
1005490328
1848786717
854908273
781017418
1328090665
788612102
1079327041
384336923
1863689675
2082148110
326735019
1043066571
1785541480
542249617
441399234
643951252
510792422
601461928
1125826141
634384372
531111688
511406375
1919645639
480340431
1028908976
996969396
1173765134
314109341
388777467
1163908732
24039119
1394267795
865211801
878947392
27801566
45818818
1667559495
1107128607
430155741
1383765522
1041793069
756890761
279348445
679850902
1299140378
720747679
1323802154
1809932800
1322209608
302144648
296833525
1853321296
813551023
68995516
186178080
1842459999
1065964912
1359943214
9085692
1454742380
376368298
33124811
701526527
1241580099
912072204
729328093
1287398918
432148051
1836456700
1717554659
1815913573
730766122
326961772
2095262019
1410617024
1626102150
668526050
586935530
1288551303
1990735658
889080178
1585384828
1696573307
1702631201
1654380344
1882751387
1397607553
572861608
1095210953
1406693245
2027603988
1471579251
1439818057
581646868
565675702
204406613
1310974961
1853074620
636554664
999948014
1423145632
304984589
1730714136
1750107404
252762960
993847512
1228725907
921289011
1580783042
369793562
764541021
322379573
1955178390
313630680
2025010774
1462075086
48898419
1275134679
2034936694
1144109372
534344277
1915057035
468204975
1974162334
349220255
1033880678
31085299
1660195216
739471650
667639963
512659582
15133634
972624552
95890070
1765241039
1225387513
1089737582
846483298
2146676524
523036977
1216276860
763733897
845416550
1023971602
1077364578
722943676
338563040
1126262997
1998078356
226016086
122888722
384938985
2141073121
591093697
211617671
342809728
1624974375
242702970
2003004945
216962378
910342933
368180879
232096012
1882967485
464070950
1997337051
960871350
1553808532
696336701
960064226
2076845509
1912613561
1723798124
774778411
789101515
653679054
1497722088
1127664555
1779942051
1348316796
1353680642
1902830773
1733255781
1347270115
346440823
1944873452
1690079844
1971415198
40092774
1545601141
40893928
950435707
1913782020
272989941
685919544
230369322
122843344
1646790895
1784177855
819180046
459371473
1713539716
584309959
35685949
340834480
1373411475
689365003
1838556568
353592382
321823407
1039389716
1707273024
77170532
625161849
907059492
423611355
422551653
449655688
247542906
462644427
1995256829
288436834
1413080134
1761555201
561426775
2098999678
1991924524
684270120
1598306925
1628618731
1503450166
2057678399
1194674799
2087760125
2093364348
1535509279
1313687952
635245704
1226582199
1667280335
957069111
118488267
1227069711
1034239643
743650116
2134129203
1457850999
1166201769
436301243
1705393905
1628846196
284074424
1993830739
894442682
2045629626
407773867
845958713
1890070502
1092043987
296781990
1371205585
448010505
206976741
418396736
388286982
152857442
1953906016
1701974935
788103146
1033004567
1221771622
1745172257
1151492835
301357685
631928252
1895142951
288003241
2089779251
913861073
724304484
1647689508
395223621
1008378909
1494036600
1289666304
906524887
1901810467
2135625017
649111741
846370806
284923359
2020317326
1294381311
491900101
291230414
1682668293
644757543
97652782
1237159580
1432860689
1130657350
311447554
1030549298
134666537
612805240
1662477550
2029809488
900808481
1604773154
796186913
1625112965
1104979014
1191410535
486008226
451531966
333593191
1392533113
205858785
321734560
2041644854
1052229591
606657919
1914478532
199127254
1098558020
58225299
1881795548
1743315563
155878081
971471480
1028692604
1286535431
1282919035
2059241902
1421201968
1895724275
1574235805
1303527809
649049108
1031525311
2099714722
126678425
2136504325
1143641609
612686652
440552644
1477234800
2005219765
646411429
1798969360
1899380972
1698641021
258143632
1666375856
1897768275
1356701652
1724601155
1632080175
952533568
1880479237
456068008
1981226172
1019531020
1738987043
1892984427
293249341
1487227670
1319736584
1596777150
2136276778
203778247
1549008224
115471555
192798924
545166186
728158207
633351568
2022400986
585894325
1279762998
1673886699
337791649
830920371
1932030331
2004167505
581204998
1141248335
1581285013
65801526
2093781903
1314280602
521869534
1927524428
186327974
113372929
1673025207
479577315
1600600599
845278143
2076354465
1589393729
1049056390
1477879042
1704865284
1241855314
2023045228
285539844
1875206883
1897962566
871434169
1007486233
1424365617
1209225818
1838406604
1208912300
1065909675
272127954
202676988
499711040
337929480
148975243
1813991642
859799014
2076499671
2000319617
973171943
1602041230
332413284
426288894
299835725
261284102
2015682623
1348892115
1739163144
1573064260
443263782
1614724724
1858604104
170987017
1365203642
582554625
1178473250
642085612
1791780443
869396206
1850997912
710206470
1141524160
2053674900
1209917511
1479453641
55166496
876425505
191769007
2131666167
729261474
1164940951
1586223750
1061674759
1591229845
1886059475
1322958861
1459428821
1087467943
914638357
885009433
1530731725
381879433
596129889
1701718742
1747083075
1178684514
732708344
241685039
822981309
1602104550
2092682952
1533187779
596145062
1998874204
595621642
2075598703
2054040700
1472047148
119884063
2038223220
53824974
1284825014
1476963322
1115499733
728571211
1215539149
290974946
40516384
155523444
1205613303
925525817
1686255169
1587492736
1521655706
1240490263
1187092164
552856572
1973198607
1428777203
1375837881
1427819509
1373976507
761542013
2023964572
1225367064
1357163655
1952079627
1131924116
681727155
2071963690
1022663688
735552130
1209305056
352143362
1851051863
1937876268
1567682512
2142026810
1978392652
1723205956
1200156465
756434822
1261977478
640165554
130606880
354984093
1827257718
683463453
180699053
1108551273
2059301334
1608518562
335044133
673359699
1484999486
1560411197
2030523355
1289595466
544851665
564766862
1214075508
1567515354
1300318992
275896917
1919658716
1003887208
66289537
1339857580
998430370
2044682189
915579889
51103187
653633363
30073719
691268741
784240244
385057812
371042811
1467703697
565756865
1479594085
1379521383
26791780
1814638218
2052881083
1511791266
1227565767
1935920790
653903084
1772417432
353204004
1867978593
1192449138
1653522997
2143875510
964624207
509926557
62681399
156998139
1508356927
2107363588
1072578028
1559460114
613513304
1102651747
103245208
1397753548
1487709560
474288019
717973597
2053466425
1953882104
2097494980
2080258205
1621036674
2002892415
1444565824
701118793
1791329557
2098468908
326052578
2144533562
1818963853
1518501716
1650572911
1815355715
335642275
13015820
1878037114
492640415
1521372747
1837917055
1565218443
933349213
303946711
520386543
1036594421
1701700259
2008096103
1510882441
272190208
1914078880
1317280897
222201540
1846853438
790833924
77610308
1143935614
1491952717
1868939865
1094920874
1818005295
1865989779
766401080
1189023364
1369079042
434273147
1524665639
1382094862
164826614
2017306054
755983961
2002743669
1435040850
1689333175
159206732
1955427393
578443948
1860906991
1816039848
2089326389
2133097199
1582635080
1259123639
207815091
1282004870
2049957563
285425399
278456836
1394426632
6881617
1373377711
1064948280
1872871396
2139778791
106487996
1094466791
426568290
1631153635
329078005
591394904
1500976042
1085061967
446654925
788533244
626911494
605861657
596476989
1205355442
319285000
265033189
1147198184
304898551
1847668269
258838175
512713643
982189492
161312090
798139042
1260646328
1555738722
805020659
486540391
473203354
530408408
478835534
579691350
1624875199
905403825
63361338
1953953204
1496798729
1564337380
891531523
1943453655
205386976
1518443017
401831664
801863965
576314812
721116665
1066897154
1723512996
1026015216
767081775
1982351171
1538728859
1749271267
2143663261
189384254
862433948
1551918335
994404913
1348974339
2025121690
1524813321
1827809874
457329392
1002204872
585730051
520690730
808674429
2082528780
2085028110
1700205952
1878498787
142931438
1071165322
132846804
944795403
1647480134
853963469
2011692557
1223509482
1879978685
631290685
1058377005
1271223897
233078304
1054556618
1460608151
1095512252
458991305
307529416
297002944
336629347
1832342738
2124812818
793958740
687063962
563059221
1314649470
1495738391
498104353
1252193933
1048460696
229119493
1395125371
2119626018
361966297
192437127
1619622504
1215929766
56646036
695648338
948424803
687936721
1754025343
72165052
921015026
661098313
1532773203
2016527278
1120089618
1840302620
166046574
1456718966
1525161710
143375744
103194058
64742024
706434965
1417843528
1560480416
1204539319
522553813
461457464
1433658812
1917679185
433599834
1795625109
2110116312
2053222338
864071227
19278700
601387028
1812496030
707215422
207928723
1884661083
1628230448
869027036
1269950638
1497274078
1989116654
962769610
1663320653
1298351972
340447672
1806696397
1401546030
405189697
365647715
671905911
1965670113
1570187034
1194459724
279643929
856362198
964655261
713243763
504503659
927287925
618982453
1368574886
946566626
1220369481
1033587268
1653782048
1428298204
770764703
1134528848
149841592
2040715342
484319278
2138958246
856001304
156283
1289826571
1196448977
1806852681
543888953
1601638674
25016748
1215794864
1419825139
1595203782
262770941
1699469068
304082332
1227426202
265229183
808585991
7230480
884211636
29677229
953797106
2104581117
1063264497
460095506
1385395673
1834029201
1594624354
1535237265
1727260895
2078943632
1526711863
435778551
2079099916
669054786
1632227528
1738468949
1212943740
1086382554
1763485697
281254956
358724045
1211205831
544025897
2058193113
1515288163
1771452100
175938648
176390506
1778682580
1060150284
206067735
584996038
1017247753
1269332232
1045091544
255159778
955877785
492232250
1790397043
535655032
423692234
1169625259
971433584
355308502
1838680045
456177464
2093777451
904140137
1542560019
1709779500
1185395094
1901284064
773501683
1729420991
1811993530
141306198
1353389443
1987932178
317696704
984588375
900598815
523764439
1569584413
1917846568
1793096672
467192309
25522699
601490809
959424559
1815919742
1137145842
1383116794
838061353
2108579426
1738425296
529257751
417273242
1684719100
1433397888
1959833261
1247014952
471309334
1713633678
2020516636
53246678
1378143560
14339186
1406636121
1218592090
332035891
243740849
2119190905
855800330
1813325262
1889553826
501413354
133033924
1915076525
1102904164
1092458483
1583512619
92566358
328091629
274090325
53662136
2066516926
803348076
470935378
1603752378
89262316
283284992
703283682
560571651
1996918670
576316670
613818329
1227578582
590655857
2020454450
298687024
922691748
116711651
270394282
1778492078
1930036914
12464460
132421785
2063070838
1927540985
1235325949
1008045673
1363569956
1327892307
1336137303
1637660281
1381554443
1255170581
293524709
1852489821
711439311
382787026
2135774813
1414722993
943358677
1985209835
1991039664
1557177006
1065304769
434211873
1430147808
1363991794
1356903621
1546859460
1634386076
987912051
1329412726
1646850536
1120333836
1244999916
1426907873
208176137
105561941
642994181
1536068444
1441699244
133170815
770139239
549386177
426695524
475145413
1260825488
809482550
463436578
528064834
1752841227
301162766
371620850
1162534585
1366467535
805832723
445198746
582975681
15252696
1992058206
69878109
1003164747
1173987284
1716728645
2123498584
271503552
996152870
184191073
377065493
1639147052
1720259518
1818764738
1772317867
342915109
220667267
51529743
818060522
1481492756
861012294
1281497101
2009557590
466369873
1582659867
233694792
1628904459
801643754
1039527515
2074103205
1384619436
1054780211
1918677763
1454497545
2057944958
945181399
1023742543
2033959894
1216684951
2019895413
70667320
1593750444
1511558817
1790926838
1265031534
1136393036
2133841947
1485698802
1187922780
804418822
819707910
2048935074
2085915923
681781852
367821299
1521092142
915476644
1996725758
175252248
1955004159
1923345315
1559871684
862300722
1694539430
866885582
772762032
492237181
1890628125
659238279
1708922132
1763039890
729905599
1155188929
1127115060
373348789
272736815
116024448
359707088
1758435617
1303947228
1164125910
430659879
1205398654
1102558185
1112441731
1573219954
476166679
2027918375
1422462064
651418928
1835438886
1198323732
63806964
550255960
745379514
930692546
1323017993
1237616696
673837023
1982256272
799055180
289393266
564678223
1954244109
1416508326
938027012
79497277
1532532774
1297734100
1837932894
688996355
314376363
121109126
1894395009
1416934548
1233550857
1320131315
1893101228
1113985585
595109732
397036508
801940823
1793433464
460843472
1352196784
391329330
1391536019
527731129
1628946026
2065373042
362503753
280517559
207282660
927181976
87278020
1623790986
1865208988
166775297
1008840113
1015459440
2004708192
1697836468
1329835803
2125817318
1444747829
599286704
1211884527
617395497
344904284
178386464
1212505229
741940792
980327288
858455045
1202784264
185040424
1249784375
446836635
712771553
731246754
364726030
1075275306
1011764313
572008690
2002457282
1099042333
48316029
1720182622
1265817631
1057156142
588158414
1123042175
607508962
1917994218
1101375845
2052256791
369797274
165776724
522168640
714701558
344163189
1734673869
1456642350
1324490477
445645266
511942966
1509530901
1695429642
958779602
74818806
279192748
1323505632
1150094112
1290957061
1895514322
1005067746
242515746
1943830351
577766720
1508333377
853502845
1165925134
483891904
1461011807
936435704
1585267749
1365784951
1306232978
1751044474
1887953591
2020934536
2095207663
1475143813
1330093238
1272214492
1920789079
1842036205
634261745
1468735073
653332159
709080551
1747927821
1976837791
1859174663
891401234
1724868465
716758761
1133916981
1521215169
1294525481
494766710
227234366
312966967
978658615
1688246174
1249402672
416442716
906547477
408152002
20003542
647017420
281602891
2115211205
2122161233
1611696129
1239942049
1895466665
1306248686
1874203794
1216718090
1959580845
435800697
817162264
1788934988
147491712
1708563498
1366319806
864250473
694996831
740051327
11292306
1189763542
967285693
324259274
20938509
508048219
1573661946
437381225
1414595696
1981813948
457384768
2061613117
115933191
425112325
2036290702
1727629321
1665054375
1784273719
886394359
1391774521
853508162
698491557
1827575219
1670670426
339942897
1975066931
1231750276
1706262703
691833757
1926747108
298830382
703126063
969027002
1266116076
1027385337
989965511
1774164295
453563635
1427346736
1041276344
287893936
1884731504
955405813
403827127
162360182
844212867
2131456448
1827414557
481002939
870367160
1071705430
1334511101
1568858717
751797001
857697879
1908801614
579380285
2089448155
1467580670
1271214042
1868711615
1766411052
1974340105
690254969
885043480
854241795
1680220480
511724128
1307805430
960083569
1553000472
1595699366
697331425
360922637
1999526494
859691607
1205135504
1983499294
539622516
1686138443
706382806
1611327947
873165896
127757875
215641300
1730863775
2036559490
795021585
1672828283
1356656512
2066235627
1394056250
975583916
1893092085
2084311220
1860627397
599850232
1617048052
224867877
1907655662
429647973
1777868349
1355871381
1126979399
2138790986
1207914227
1986671006
1196442842
1043929873
378809875
735097638
1750312680
1990137822
1608263534
1878070555
58295474
1191643662
1767146397
853317060
716988297
976319261
772069039
2111044547
1951903178
517677476
2047872119
1665046927
1117527708
1517436524
1889914804
877699723
1947084497
1520299505
86087456
926580248
1511606843
1294001683
765767607
560566037
190447908
1144577482
1295663675
1940760588
987231656
756443562
1671347496
1045527130
1948087224
1291010245
1898844190
517591873
119845859
523429582
481152772
2071749037
1041107058
381541244
1589312316
11151119
1898977768
1331743472
888850842
1698578617
704559329
974938298
477675218
68682524
121456333
1243442825
629248561
311904241
240536659
1924912237
105181182
1227768315
533872151
1776528678
125811797
334475727
920055275
2024655988
852067600
1039901134
400601922
1333220372
964166523
1441708980
1714761616
405995191
1452860099
1466255736
1737738663
194227293
1017350706
294814344
1169165591
1495025924
363496868
1290621924
590985101
992745430
1602526166
831521760
770174019
1707707348
2059290075
1304046170
1336752378
37618224
1638521897
109324005
2062274212
343105849
1149225140
315392486
1676326221
2113391663
1757101467
1243604190
371903207
1062477918
562376278
2109641870
1256705212
1579726984
256972567
278387155
927269260
620469435
1569009080
1518254361
1613214865
1024051598
202292473
235905236
584275298
114098900
1539951406
1921027676
151717125
1030989655
2030351681
66507689
1374095504
1032093173
381900176
902938078
998001189
2139001643
2146542268
1369904396
1053995913
561434898
1332062618
163217477
2141161883
1589035185
441604633
920947495
62020973
2010613713
291718209
1675235838
887181663
494010682
1911141075
1471456961
608109583
1303608833
1245000989
759826708
187114841
1127869022
826334397
1561210345
12478548
1208234573
316664775
1010479737
1199752568
315723395
232900485
106264834
877158294
1564963103
269482311
870836529
1006514641
711086944
1791784024
1068535614
574217009
2083502233
596287804
1461398672
430029268
359945231
785371985
1038138851
1663554065
2030372974
1797965559
1850668906
1010758349
476816308
1264395603
1023236897
1685050882
1581060379
2033716634
737319802
1896783774
119133471
843584636
626458420
1684096574
1113066948
1497294949
543127567
1824153892
1141595326
1611663181
250887254
1077613911
60467338
1712285926
1507643179
420412569
350174264
398298382
2083966634
233063590
48780293
1787151892
1243821939
525596602
904063848
119575188
63163836
337640579
5808174
800483638
86940705
124941645
1644068275
713399126
1809038220
609651575
63210427
204682139
286321819
1204805753
1816345321
537209073
134936017
1876812659
102011352
1642579196
149741580
452185616
2040877579
86224567
685249206
2089657872
1873376459
1929071146
467770826
629956659
2048646334
530934662
967597238
2054454509
1331418301
1054537944
31912506
828002928
1767937070
1840950726
1437654503
1831147497
2045632866
1723976322
888469603
1714494539
113701748
1023405620
1443823550
215713100
518501168
1593565130
667898716
411895099
1679789697
1353147922
354069324
1405682509
1134735420
821840150
2035639168
1035898107
1352774813
855752759
942868968
536709466
1910290703
974781474
1364712394
1530744125
668248553
654883249
1214407974
566397771
231375923
2102877577
133408662
345077671
978799549
1577232212
560790771
1497300718
1023313694
1228689487
1909195817
555619744
434353762
115781493
1961302253
1569089182
937621644
1849457773
457503641
142912809
557726884
1400372609
679622275
320533939
227670436
2044334669
1851278064
895918989
551734270
918202391
1462316760
783110193
873596320
1595725422
1128187865
1852395870
1025473986
1688978636
1202212940
2048787680
770184476
963925109
456923776
1204538238
1079706603
270742381
626143772
2017328247
2120200155
1083647414
12757408
530443391
336536375
692379683
850977331
564206811
589230704
554771747
1460125800
1140964974
1472974138
774958912
1924075167
199086811
223200686
904779384
2051482681
1248674672
446274373
1106211973
1149978705
1216458849
2070137082
1606902481
273513439
1002360037
1877644863
899657211
872204636
1850361370
1983304625
884962044
233321113
172357353
1577341727
1084298444
736564164
19088783
1639070192
49206317
1160053757
964560682
824165229
936645277
1163647493
1047365916
1841424661
1067646526
148556940
140215386
26374851
1298535645
1356674235
2096511934
757954479
1630187674
951388323
488115694
382361238
1823592960
190993416
218182215
561071356
424314529
390539568
2138413084
1508612974
1127103733
10018219
1000199518
1176310050
1170071977
1964760200
2000475279
2106717254
980924046
900357547
1800658267
2048570572
1048914488
1940873654
2074945424
199966485
1150064241
2023973710
957920964
632768268
827878385
1446036658
1015129506
503987697
1637030074
1233311721
1065059054
2061344604
1623851290
1055988490
1422473930
603471375
1066006709
275189800
1779781425
88595038
92466352
1632773056
47828644
1073390398
385646956
1848486912
974477323
1434561444
1641876918
901939099
1634527929
644457511
778429161
444965246
1277225779
1606307546
1891001904
144871637
2110295244
1380548331
1378183359
1027870650
1294409287
854551001
2083859140
569399569
1458022376
1002382201
844589369
1090320153
1090977240
937055721
575609561
1138805884
2010446120
961256517
839809148
837439795
248334313
334202418
1739378894
1882862243
978659930
370324407
180343841
108402061
1976631953
2071345745
253273699
1939443549
1304410428
1631457058
819830551
451336067
338524411
756206043
1020735636
1796546787
1758588245
1865325005
739383292
702081837
654897079
1314992853
1840887721
517859551
128765723
533213222
1355299346
377100036
867415640
947194592
112478631
1846075570
1317518999
292822472
1954477632
1146667304
216684570
60267683
938627206
1521094998
1691724741
1758457757
1972431066
2030249152
367180153
845683054
1679312291
2125768398
563524412
271211935
680366587
1218421491
1586204788
373770660
1736281042
1714970511
906983882
944096740
2092070548
1774399523
1891291332
57065531
1472991445
1061326683
349888004
1279985429
60510339
566572574
1340253112
999137545
2087667572
884494205
610111655
1912614990
767259709
977291808
610814397
299088352
955576558
1174338809
570300287
1635943145
245276652
9021428
2009713805
1981557694
1723991939
769214040
778170786
1668578839
396129915
521978470
1725644371
1869121360
1583305153
2075532375
1001623142
1643815492
494621301
194392606
495469390
434805225
1078886812
1105581045
199936568
1846146521
2082872853
810750965
2145234874
890965763
1985089774
568051513
379425260
82882778
577072941
241655417
2064440472
153581233
1010869457
695127610
1822160072
1406999372
1217106080
1400320795
1128637085
652927585
1328369522
2130260227
149259429
1822990823
177169185
644728819
110312401
1256055997
1750309864
310248969
954718871
1685699069
1120999934
952470097
429181184
958606060
1520521610
808606444
1041488838
2097594552
1050261862
958445662
103692137
2061131319
1653573272
1925852209
1320647044
723195704
1178689357
301800481
1376123289
359575231
284577060
1525382718
35082407
461746245
22627890
145394808
1717802243
1772937754
455643777
525037466
1311153176
1576643711
1477507563
1740334360
387766123
850545525
401457157
1429254961
800656429
1451719019
240216975
904348566
1365366690
1893790247
682717128
538530086
469502303
1861406485
840330567
1845625592
73498068
1124907627
1223524662
108580475
1586653873
1246152552
253975283
1156972468
871606659
709619060
1682009934
35276187
138779123
1012033849
1775610547
526545246
1862579374
29584056
1955800207
515752156
1481303075
48533534
1420100722
699186118
1942323781
2102817850
1237716204
264342436
1816740687
2078046772
2109968028
1890238756
1055470751
1186009043
1998819231
494640976
284677947
105310867
1651613444
1156284606
814929927
1186139730
1191560793
953709051
50689931
819687693
1480254297
1913269306
849271749
1288570857
281537814
183091177
1337104391
1701638536
882277295
1131944525
1656972739
2119993499
1396286961
1326229778
2050556623
1358771342
1068984886
958543727
397296737
920320470
1453184703
681974684
1025631337
957314500
1838259291
1840561264
2143454230
882336436
646786667
46660514
1702024129
2127040965
1959929820
403812231
1268128174
93983986
586903408
457748917
1795622522
1469180703
1589693442
1305111613
1441690554
838496756
483857744
1344763530
49784450
1552842630
155823609
447081187
325679452
1609008312
1129055871
1351310789
418839164
819831514
1044388406
414809747
1702167951
1691175073
461470261
1256708432
1670732390
273916433
1660520663
791376916
367900419
99940423
1249125834
16039293
1569121126
691335628
1321150907
863328033
1529832384
1805008651
60607915
1579616834
1210367633
216431524
2026698021
1536047086
1825439836
1008270245
739874227
96795353
1828101759
1784262633
511605100
1382786062
1327954059
973075361
492010847
851202801
1246991794
5047862
1642579718
1614892213
104988286
744221904
1630931506
1674109412
1435557532
804598765
389953797
817906269
462123768
450561712
250039455
1672491402
666993236
129253829
1061054840
344949425
1137524074
1800929067
441744778
818142185
1437708053
953349878
53444600
618178464
1926425239
545455447
1469381265
1025933385
550503309
964477335
493341950
655491595
1708699239
2124273456
182117360
996773124
781388574
572071157
1814679393
1243512342
1022632870
2064718848
768520096
1689626106
46489029
1829574936
2034575531
1184013103
1483020356
328836661
2002155289
773244761
1282186539
2055599889
1391423225
1061128130
453571688
713320842
2087061515
1004074997
1677798178
432919817
1659566593
1239013769
409709626
1841683953
88303245
1191098200
266271462
1902982638
287126894
1288904332
1820217839
1055646991
831046791
1866706868
737738279
718138674
903236324
73274987
1046975336
757907965
846519748
181678227
666024206
90459325
1242806358
1119595894
803780168
1182384225
2123670891
334094698
1615304043
1635753836
1573108467
2025013669
1329954141
1661411713
1068628221
1596225604
1416910703
1355755115
737646288
1089644894
263918458
1568693079
808868115
1001656738
139348106
1712104439
1074931725
1186323442
322528756
1921451474
1368001669
988552962
2011910799
463324379
2108148856
668207319
1645708605
2084336099
1002302017
1113529000
1572606288
427926837
991059021
755076781
2089338550
2059687242
203818737
1358765605
1267958709
941465026
300926852
1531877168
362674457
1109794967
386050258
502022563
674415758
1460981983
1688346005
996944514
1234949809
908864027
1985497476
1099376961
1372188406
1946162684
1767584280
870413363
1883015135
622402650
1983942363
1308137775
1050329487
827517736
2063214557
992184389
739721330
119549646
203466346
2007680040
1061014672
504393198
1392073560
1423689130
1614188165
1778123818
1925711693
141120275
1091622153
1466574051
1138064789
179088315
227954430
976078617
1278465276
1600142836
774757653
898565908
323072552
510289141
1520968558
159531267
1818426916
423814397
987049004
1734157825
1415998786
1726770334
1853707472
1619465133
1586966726
767238496
2123858331
831556638
43443978
1590562849
462196808
1969155672
1731683124
1553818962
1288246075
722264266
1732907277
1516200505
1698342883
863888905
968859693
325616889
1762454813
1291932245
835906030
1135939724
1451463513
506849298
1559754121
291028869
93523476
828269260
2017799203
1947230948
300250745
1457282282
566985796
276625428
141355272
610429775
1867188277
603552081
432101799
1451387754
9887395
1720347874
26168372
1742794672
1089064731
1724511255
459199929
2057924424
2050128144
74171094
1202373022
738550526
1210110818
506352887
1245399825
622381292
797381756
1338923301
1450650552
667697311
1138670601
1750901297
2124979593
1705656397
2027526725
118851218
168602524
1747231355
722403299
600704323
1051135461
732290694
173568549
1077303833
327601718
1262633280
654331440
786801647
1173074057
556975937
860972741
227963431
1295526463
2071083560
734316318
393442640
545981204
1531698074
1732365941
1996631756
51911737
723552894
1600049405
29407683
281725644
1480092482
148258901
450328168
1079840189
870662200
1051032492
2130975650
1602952894
1224601041
1060795835
1930554612
339750674
1715127276
569872611
1512824731
124619565
1430845352
1740788162
1420146028
1354445264
327620832
1813588669
1900426468
1859318906
1398470962
1749574576
1911230643
2122023857
1202140333
1940638326
256265853
534749168
2088897227
706594021
1614589357
812075779
1757626513
1598081360
267545025
834743907
511393547
50615989
1174494581
79037175
620488600
539835664
203656740
2051333953
133140178
1623802769
1258295569
460761010
1289907790
1011238390
172596268
540895104
613329318
2083826911
515435313
1815469652
1876981590
771701166
202735172
1818395169
1478295188
1817324529
482987301
1088438053
1267922241
750532326
1923181960
1779315789
801148316
950192893
1858352964
1421636916
1490028557
2062009705
1325487221
1623168735
1538328826
436299143
2083929745
680752968
1447537533
109042365
1221648072
2060866851
45385629
1737083386
1728852855
1922367219
361300904
1931588027
1593278740
1839596092
1601428909
2076266041
780550498
721867502
679314720
556248810
353699643
1480463036
1506441704
64568960
754616304
848986613
2126578665
2080103526
324671701
1517423843
368919021
261117798
50693163
1816456554
370160164
1272341235
1729839757
415545793
861940973
1311208965
190429364
1223241878
1095313344
1783708104
915354322
549258605
1712490498
1695904820
1271126108
244321570
104669983
1624825751
1724784606
1611111687
1689394711
331917262
312614652
1668489728
264537140
637286353
1038429923
633456161
898404152
1089123086
302429067
1268564316
213980674
2032268825
1684110109
1075921647
1195994142
1874539473
151679877
143823838
1510763929
1067034200
693082444
1075770779
615455372
1964208552
1320092349
720125355
1441550655
897393307
183753394
983461719
1229310570
496368047
504467799
1493847710
1133654400
1542897723
2127303872
2032058552
484537161
282249291
1153139220
698517835
167034468
689765681
1774439483
1363028610
416821506
1926119360
1506852449
1927585436
845669912
52451245
855872567
1461125285
2016659797
28481269
33766992
1310726804
925874576
217520387
146704875
7701498
713888434
651172675
1501549209
1847542834
46586750
1481369433
1732117739
531123911
1763618724
737773311
1229641747
1930653193
1427538993
856597582
1146198155
1844360499
635233294
505566956
1624462287
1480903207
558018201
332851207
794544844
427194350
361332476
828311836
1737921155
1287207052
1045832223
1884626030
1294908551
1759720657
388315057
648974112
1459779844
434901807
2130343545
1044413935
966025719
1746478621
1782187246
48183818
1529648166
1062242591
904781400
528362674
759119443
1540014694
1033929630
236098082
873434253
1591947832
568949289
1667979097
2019142182
930281765
348807286
1609579689
70005170
1394639509
1346722072
1364913721
1006876519
1735037129
2013887833
319172715
22455289
1996747730
1363586650
988481008
1595742703
998290248
1036664826
977907222
2060532840
1941446226
1506269896
672168635
1333977272
392715878
908266717
59927878
1984663710
1477216007
1727906975
1856322245
260014124
2076714261
1318418286
330019294
1323870123
517656710
1694933015
183262994
105210192
1561337200
502435709
127665481
1410601282
1866022359
1116146489
858860338
716828959
5327667
1836767560
629878151
1946773893
1195553808
1302046786
1133267517
1588269686
62829856
1193195395
1425449749
1540045863
773618723
1134288346
1800059987
702849336
305222984
2130079282
2026719459
822879695
1677528649
62498805
928089887
1091382202
564934514
1055755368
354499836
283473225
24418209
1213360174
1000302185
29745876
902644086
1630180336
1976519769
2098197894
784743475
962303638
1538983933
847573331
8015386
816950034
240135546
781634109
1951238380
2040195533
1484483445
108977716
2022791167
1363719257
931857411
1552836169
1426218062
1859947298
496734723
1991152577
768219018
851234559
127142154
792637227
2064594734
1127444339
822383103
819755172
610141028
651419224
770469419
1394884503
1613722863
161969704
94974186
1621738249
978919738
335109732
255888710
782674470
227821617
1740372155
891652186
103129137
956607764
1823509598
1655965306
235342179
1535973248
5216381
79011108
156708619
856450940
206153262
949345846
773562026
1333597602
1771728950
1593317199
1943738630
275664526
216302970
1191139485
1889387389
378272674
1286113671
1363641990
1357192412
1621223403
1619530700
2139866882
1849045020
1212419208
884035420
1952174157
21543324
560061370
1460655815
256885503
2096034619
1465872196
335896611
105259590
174839489
542049874
1054605436
948401515
1875647476
678850738
394235066
1671902458
954515265
610538036
715558295
696419006
988810710
2001671966
2060060997
198519474
1475411721
1532108049
190902708
1176973093
597043609
1074938129
981663603
618586934
1634999499
294835770
875472437
1583550470
1760707967
1211369049
1688810060
1935547456
1753418923
595931849
736465323
1481582751
1274782587
1130700390
1006001561
81814204
1741238426
1721559856
778233211
582565489
1575748174
690810560
781084963
903676247
75434961
971987672
2080649340
672478571
2046925801
914829295
1291065505
1534441652
1209665066
19054294
970508475
822889385
1230423343
511834887
610953193
836358618
1107766736
1347418516
170457721
235065676
330635258
1176459282
316879880
2071873685
750535490
1095113091
506955526
178800016
1785923651
1288040489
1082476263
1861358613
112544513
1015641956
386353536
11986666
1930471251
1677419041
1546428319
992652669
1696473335
369453146
1815542054
779413031
881288033
279011599
1615771649
1989054770
1626430116
1786229371
76636798
1957065374
815205005
393516678
1881455411
1565740496
1488629770
240927289
1744540512
1127069773
1528967779
679533128
840944738
1641512292
1695175084
1227298274
1653498959
1478162687
757233667
1052443630
323331709
306223355
1421896776
2138873763
1085636386
155701161
270401715
553924387
2144755931
1896831831
192670110
73909081
1706413557
1007875116
467425760
1440385321
426131964
1956055530
1681312610
23188828
935641655
1062796741
702721956
1776586394
556825386
250413392
856401020
62840697
1728576080
1613634688
1115284327
2051907789
1919858043
389697455
2043297904
858010781
545398616
166215971
1411935168
542670900
2063047802
1604605279
616579981
1621977712
464996747
1084005741
914879385
891128711
892577623
448708347
914317539
1828219279
1511505089
1617039496
1457322025
2068330475
1867452888
166239397
2131171172
1448545320
1779874085
1098971851
1352969461
1552248480
1488669306
1248783718
262775613
2034067922
1414999689
1674710782
429255174
1330563844
1131832413
1045835156
805057908
1596829160
2129840897
1719937293
340474223
874934873
21161992
1254791762
555670504
1532667081
724347610
2012992529
1453513908
444316851
31748278
1437201432
1892862171
1811622364
388689635
1098347985
1216387196
1877358941
199648055
1479162810
1763943216
1614647744
1006389944
45714742
797727940
2138222357
1091549898
1602785848
1587567869
1073907148
1175239493
1928042092
1948842021
1196401486
1035350206
357028877
581584919
1759697817
222537758
2035098828
56531020
254286036
1324816612
1949393191
2065908400
1713506248
900257528
1134811949
1443381541
1099905583
466491111
1059841109
567069680
1472881055
1105555852
1364797620
1463619764
49622102
820099821
903703985
1123529250
1995339314
684262429
924887623
1044257152
1719612635
1281916500
1625842072
1331826804
1504454258
1513457252
1388357824
1758740295
690790216
1190267368
1677165047
256812816
2090524896
664493348
1700194358
1042946832
1130984459
612551819
1610016512
456381866
1718107671
827330484
1920001630
1767729774
1647430305
676221967
743775376
1495285972
1360484396
1668663000
392059476
932613384
803095852
2017901548
116956540
160066463
1383875152
1505314365
1918806758
2074665369
548098085
1448488157
183994537
491139333
2112981506
1884188895
1534086165
1096482317
349257067
996619029
1552864184
2067364738
1823949514
1325382166
1687610864
1323896171
2001604134
283902593
671698495
1214604882
1952565593
1063757972
2147218266
608177797
934175872
116691159
768244260
170567377
1622005524
539567370
97749098
22619961
1988055528
281743635
513759294
1953553386
18448883
2047845460
902552055
367705950
896980841
307932591
287587040
573446707
1633314758
1975197905
1897342879
1487435244
111616850
421557726
554556478
2064182443
1485315698
554291097
524876592
272007923
670982256
1293120853
442575300
145504132
1832688223
540324398
168124093
1673260103
822068033
681883387
1479329841
840516916
582245199
234398249
1208222866
1479226041
542330840
1495809907
2052672748
28161950
1323524164
1802531979
1515597194
1435141014
76606058
2070153673
1351839809
1561921756
476961122
1876716401
1833929679
1147943378
1022353606
129021331
1293447510
707558182
669345729
1461571603
233334637
1491413763
2143454990
1712664479
184447031
578216542
1947062728
1392669898
2057442583
341909920
740996157
1962631683
370071871
2064520321
1617680015
1885669065
1352177687
1694286073
1808339090
556533848
1108724181
137816564
285766601
795170213
1285759942
1308120208
924191544
431723804
2015678390
1593537274
1893295407
101529379
937467389
1889266750
1814193858
1121914420
319999644
1613772938
367100670
229958579
1955682859
1108096827
45106614
178271082
1025133500
1662786629
2063940147
229827539
1209589054
1724795590
786361387
170829588
1862612154
1072127989
965999801
1000888449
232764549
1890191345
1432612253
100959291
1336244971
1178424013
202488670
126228712
920207115
2016682529
1248143133
1240206759
1482971819
1615243803
1470165338
1291171030
575856983
1515271952
1469442112
1600990483
1030574934
1385898612
1830818023
92680340
963210554
469695762
263509928
678339060
1541823751
1229509729
1679227509
1774588300
972217427
964356115
1875547591
160978750
2142780128
2078036262
287207463
915503595
1947235143
1535350596
8226706
1282723314
1003110751
1478392044
426410697
1578967734
846180348
1895852809
1032474570
1876755282
1134267773
715808945
1969435623
2097478327
1185504707
85461903
628333740
579844811
1314971633
160077601
206949463
139705412
1124433716
2082497055
300684162
1119730196
2013049669
587891625
2035233791
1812801164
2123242221
2043460497
948040830
978869325
1374368893
1374451527
410353411
73065594
1122820689
1442827981
1949820876
109604814
11153278
1771772851
59599494
1196657986
1857234755
687933234
1776502797
1024722740
848010835
1983452260
1164428152
1972444552
1918465667
1465112314
944691100
1784031688
2053003940
832441244
1449349204
2028762513
728418093
249906387
860148190
2102786987
1624357914
1270501602
28368933
599694955
565845935
1978189809
709299770
576999214
1602479013
768899264
1773657200
1312230120
1456832498
1402676349
189469212
157359685
1238644961
1353897364
2129804237
1009626981
671526030
927011690
646175021
577046322
1759452934
2095524226
458325188
340387379
197946965
1318473378
295690718
1822304879
441491332
324059651
274516187
1007337268
154765813
983815957
1584336482
1757244826
1752715221
1210510034
921991298
1062064071
465702735
1111460510
1219423756
1704347696
317874226
1201744346
566491029
989400256
2128756036
1212666051
1566446579
1740725322
1160706629
2024771767
2081112701
1358653594
1195761497
229319772
1033474825
1637252830
553379423
1307991012
497106450
708145236
144323321
2081442932
317906414
1897038542
1144469318
1239897712
811618965
1610172053
203874574
2031042722
1167036101
521748800
1085303420
1733527131
1511149057
1066575808
798709534
930111988
659817482
1959416163
807400107
593446535
1170586109
2003161604
822766307
56577286
1492930786
1376145731
1364568299
1990037236
2084290967
1508891620
1923996520
254713734
1258446515
920982190
1494611446
2070065480
383670595
1698486021
1953624554
1550706697
72751173
891444326
1136750180
1583900230
1958020134
1935459714
366528570
470353968
1747392229
1173928677
1063800504
770494690
1029606634
1886566811
827071976
375053772
1115228894
44156627
217607361
1052036214
1553048248
2141603881
1306749948
664011115
915102424
653877746
586592947
1298773019
204880119
392733854
701996068
277631293
1284178180
1838746248
1861531523
1094714667
1626722314
80576446
1565068635
1226630895
1254505123
481385491
1997125585
136628109
220468655
676713914
511681882
1335697549
720870541
729289243
240250115
126435141
723409476
1547000063
790446256
1638511900
53394162
1377039204
789801272
258274281
1769773058
1491797340
535905574
906467590
1183059941
249953450
2001182257
662298607
330529896
1418767245
1888929503
1585035019
1900152736
1738571440
1721663129
2120621391
267801706
85861363
1308835293
988672248
815150606
1549085408
1115107389
1538560082
948601824
1905553646
1029588335
1001995986
1135109202
1819389607
1260270267
757398612
1163703299
1796175842
1663866202
199279592
2046129292
1517564812
861578200
229175540
788848409
603024055
1814210559
541517497
194111847
1388390040
514655241
461913554
1474251403
1823490534
1450585802
141918361
1225092294
418209543
1680478444
26210470
176279541
562583131
1028206456
1311388743
234489090
140993076
2068787355
1398192389
1937168918
1585169910
1597471982
1835814562
955251074
311566534
2064990102
1744099483
914590589
1731717013
138133332
1108702436
972623406
652788573
1570615990
299391161
328795459
873718144
441309523
1553887754
1291927688
2121787967
1580098224
1468207229
536887450
460821033
632112325
771376540
601814109
553416032
22085281
391499379
2138585942
1619557263
79830293
946353368
1931123797
2144820395
542969203
698230738
1729053760
681102536
1806933175
554193518
1333891109
1230065517
853584680
1662686569
2103783662
1294894203
1069090675
1248227702
1269198522
501705251
568951283
1806085972
962526284
1201063608
429978864
1564340393
1754479641
452064145
1955839772
1745581935
2071621409
2035670065
544451656
1855261558
2033006812
1087420859
406008649
1614576925
1768523395
65458176
21286795
954930857
1295523693
874871475
470133778
1251823707
22282030
1539224453
352567761
1291480552
2040929704
921519045
950082876
855972341
2122582653
1380061740
272829086
1729578646
1832125886
81185211
1327676934
1756263647
2116855276
1872128590
1464041557
2002378441
812065801
1870050206
1469471718
433105549
1935508382
1490758513
1388036406
1083548428
218146341
1858170184
187888487
240428371
1249910989
540456249
1531908924
1143357045
1461975294
334508152
1999329386
1437074299
1714569893
124674825
1019169298
1399212131
205860036
199362584
1007992130
175231664
2071491174
324550039
30126457
736073327
47116598
1499598175
1169178876
1982624980
842873041
409731634
918689760
1061019382
120418170
1106578248
1301447753
1370329159
1647034497
685873029
366202557
961526143
1020381182
218048295
251116794
587467427
342723120
1270286092
1986679558
548583156
1469648676
847188040
723814821
1393656202
1171738079
753941278
2129729530
1218854677
106055806
1151424758
1053996010
948928847
1561156393
1972685770
2009948229
1681574563
931780370
1163912334
904420075
431331219
1849785364
1270622632
1392857362
722682898
1488670927
1643974157
1310150325
1831394048
766776601
1149346235
232493556
88941630
1996534275
956308377
1482597832
1020788706
1710249656
1464843714
92159736
1816305462
468784825
1146155746
617750661
2029941218
971357868
480215242
1564032133
1903138239
1644127576
320968560
186985810
1346429292
1591591192
1579843173
2069112190
932778472
1076333682
1231778867
616688872
1843110283
233641454
849182428
1932051913
82692081
1805490806
1267166098
1103480788
1368256814
584526164
1195640524
1037078628
1053310989
194312622
1654829289
935768559
1165670490
2135044531
352317045
921325081
1631688459
673285605
1108310892
830634104
117393150
540670417
752262646
1050171622
1617004099
1984041514
1666860494
1312630734
70199320
368559274
1097199000
152891402
26566432
216881450
1256372190
1394823246
801407614
304529066
284418226
1854718604
498841688
1939247515
643003515
1664512178
1926808398
995320560
438353612
1411013210
1668606166
1546664504
94163666
1785999316
2087334921
846426312
688687290
1556855372
682984178
208064136
722002458
753183499
576623410
1819201458
906074901
603189843
2036082908
14963443
1998013089
690006875
319492509
134947668
397241831
818334197
2074195183
1040245346
335362727
1853519934
2035565907
773716339
1117049496
1556688425
172897195
1211213162
1195204093
112748468
2057639474
1883891383
1669603840
593140005
2091955519
244122651
1346323504
521095281
2063324109
104914757
1124285124
1951923370
119878200
974814566
494446597
439370709
1109762234
891688428
1257704906
1036473769
1931933774
1593067633
742510055
1820016033
219300325
1859559551
1229220810
392197520
923289065
276941255
504945989
833444892
13348990
27066181
1426584897
2105304509
271188832
625424753
478916143
187029294
730339510
1603201267
2138952664
850217710
430532185
485915613
1289588419
1540294419
1377604041
399809677
429284541
1162054167
1992877310
1171794596
834586553
64693987
883870500
2063807363
456891508
1807159565
193264971
961837497
493120809
206613961
988903678
1919705706
164434823
1260092511
397646811
643350966
1447121805
1127986321
99068585
1438590821
1978204031
529600771
1924506434
1120308802
2069895190
1154626827
1520118479
351696083
169197346
1365512142
1523490680
1003783899
1430206129
259877532
920107615
1887097637
2067037097
1113372586
701451486
412674259
1319986547
1690355165
184896317
1484421370
802964028
582543129
2127772336
102602185
1710529450
79357274
1541193006
1541249834
608958045
1318215792
514074988
531369587
325358971
2034193468
883065671
494556317
1252221962
259072703
1498340217
534944443
518950235
270964184
274558433
438503684
1384336770
976009919
851177943
556839669
518881436
1036074261
2041261040
1321845464
1618617390
2021549728
1424447649
1181663192
2100907002
818157007
575429378
562381399
2136372799
1089504367
1093750987
314248122
976214187
1976816658
808804440
80952501
88405713
159661009
615896944
607355948
430625193
890455377
1045859632
1814961963
1866465297
1897037576
224317984
237863085
785628189
118095376
1559708550
256761931
2139645105
836672551
1438425123
2093068459
1654829559
2013854502
507966211
1643718710
955875221
1601717198
1957966833
1932089408
1431050208
619287625
2013041909
1519455921
778948634
481455205
2126811869
1209573827
1371910583
1025187853
877052142
1090892232
774741781
1101370126
1328755317
1560369970
1219465503
740980219
1817131901
1211626960
1577652771
1108073377
1157211771
1084998682
974444231
1665177982
581233744
1930319452
1119411532
391716929
1714925212
402978092
1011004554
1580483473
1922434013
1789953188
2061938678
1901762234
852043367
1286365613
779466440
1729095509
229774197
1554208221
682981988
1558529515
967094544
1902447491
152026086
636742797
966590803
1729678857
1744816174
2123802574
667193891
571776757
1641496909
1248427636
354612561
613424793
1640144565
2069537773
1016402886
503665472
1502537598
791353251
146135012
1416992629
545631838
998178380
555874594
1325098278
579790241
785648792
731822851
1262772229
196694659
1698917395
1017736072
348720745
188176545
1984326875
2078399603
1932992719
1960645802
598109846
357285829
1454659063
1846537482
711898390
2068083856
1339198400
633952516
937003094
1842863872
2136490114
1728356346
1988998884
1405999095
126504536
839693616
1961873690
1451602814
1419483858
600038834
35942017
534772439
796733493
1734859413
1552508512
1145454238
1923035958
1389351739
1076370193
1708545029
1202513893
1674480040
2065830858
509689308
1373533874
630245601
430289517
565248626
1264198117
1367292611
260628850
1253204583
948165309
102144087
511720031
1074669845
941837703
326110073
378789011
213837913
926148907
414731029
748610353
1722882400
2106794
153635217
720852990
1925142752
1542986956
1797223184
1486204133
598017202
1324219576
1404551344
1107706510
550269802
2034796945
1537996027
1115518429
1151511414
757804991
1376147279
257232349
1705970300
1478291366
768952380
633156498
272645422
1095062453
1011945509
486483335
2021211360
1426676538
1235093688
1596610112
1428783332
1388728905
169979455
1206442436
784232214
1967202639
545162922
1382249416
1143938567
1949714266
342472278
1694208369
1837027563
1880468306
662243150
841055329
490789649
2038390430
1098287678
49276301
1369198148
1867240059
682432799
1641843570
814818864
1694378309
2128326906
688546577
973571199
1215936946
137673041
254870884
457182204
307652496
1461313320
1241414418
127371487
2006476242
476180186
1271310054
1808706860
818652464
818034776
1498250775
551637122
1480277926
191822456
1042426771
1371184708
1290110135
1091703073
592899209
1009866546
1774135872
87259131
1824685410
1321030533
68102389
365748339
147118085
1284039336
503421381
401988969
1741221540
811073877
1863302289
835152310
938445365
1722294884
1311332496
62271771
1383518096
2129984960
880306547
734285224
534138435
213100826
926107680
1576565206
1584285534
68734167
520784631
29701095
1078600713
147436856
116960227
755802476
1468467389
185062616
1121550815
1615585474
1469101952
1624972196
2017574443
1062839844
288562426
1733393085
1897992154
1227007791
1308204321
1061841002
1289279562
544238769
1044342315
22102462
1278523993
1578480750
235203288
57148026
1007562308
1819488822
125882193
1528346940
1849189918
1204482907
1675783796
1966150145
1960285383
996767537
3729113
934352550
464869364
1472831066
411841099
334960159
388187262
700403525
2068353244
138695769
1927411316
1229073917
1200536771
1069207230
1773312687
97395438
1091309692
904353032
1675876188
1326512980
961501058
535954849
998518155
1087383252
2064301789
700224425
144382511
1592601937
518890922
2104667894
441885826
522620035
891536796
906755190
1995451101
1303377895
1241715350
236154716
2003781420
1162584946
374850485
1783709088
244175216
1575387256
705432671
2017487903
1672782695
1796742363
774357287
1201175235
975771696
1735858346
1737130084
1974289851
675757950
1653948225
527030628
820140461
1099066514
1045921550
777324707
1540952341
1568541585
1668861503
300223883
1416509039
824755751
1541939233
1652663755
681053523
557040532
2027514240
317278964
801215748
1455417848
1022711635
671220003
980716895
671970350
1445577290
34408483
1647742046
1033951988
1771538567
1474548249
1709709938
1278003145
2001578877
382366751
229586011
900016779
1159691458
1770538352
321074717
681069314
2070762236
1737583756
1505825065
1465217821
1242763863
39394940
2022258353
1122794455
356673904
675990453
430728655
1379385539
1347210456
1411445551
2051355890
645304099
1445854034
1551614288
1679256087
1069908953
878678890
1241482378
200428450
732774119
1623849129
430014462
1632790899
636056940
53069166
1953865616
1317126254
2123831402
1543965724
675467671
1441565576
639245939
714862611
1316340281
1762040394
1071536516
1992330735
45285401
303438407
1192057543
1456730952
207310649
1837361642
755101338
1758924938
1369134082
1825010292
490120180
463132812
2025438742
1222894299
2086981941
307969556
708201550
575555233
361038723
514583518
1892681487
337386477
2058549242
420665510
1778952053
550311533
1135528122
947808687
164868279
59580990
792655774
210153681
363019397
1984713317
1666884633
570330047
1674591312
274502324
181771337
896241746
2099512616
671891517
1359374558
1977467710
1894785816
1298872851
137953619
455503719
1874428085
498992342
970087237
1619625924
836378819
881152832
2040291435
467847225
1431464365
1028335909
1415655912
1596332645
1087916899
60828038
1806486326
1450936296
2045541355
1325887311
2021266343
1572649019
1600389635
55554032
321407117
1552418603
727445549
1680781675
1382402666
474747718
832170879
1520356285
930251437
559115316
2019348627
1900338674
31257592
708243798
634007858
2071549027
1176091023
2065472224
952401288
444263287
1514321221
2040318187
505091325
1173323899
1343770836
403149033
351727562
1217553531
1975798052
1952117198
1273107564
149721522
1357052153
2000553113
1830503197
591971171
327817183
515190428
2112327456
1258068620
1074305744
1984192435
1010923647
1105563337
544952586
1644931505
1029628716
1721043609
1562920081
1982030005
17823249
929757654
1874864544
522914574
2103081553
1071151732
926063607
307325468
141221616
754378012
111959018
1414329180
904099534
1469011171
1267398645
587119083
2060982343
1595215829
1102309512
2025826151
705800801
29131608
1862534939
1716724448
1134694945
260003877
1214172306
16840014
1981047486
629608739
1998870019
1998870735
1559366394
1726250915
374301662
1514964299
649919000
1300365269
1822289767
791140616
2054743281
1934248785
57986148
811359167
1255776309
1325384793
1398478251
1169275004
773116974
353304115
1047617507
1478917776
382435723
762668798
1048158576
1517130669
1022672675
114847234
1533970683
856236514
744455974
1385357054
707623601
156338720
964124321
1081925263
1671303019
1614043321
234806885
1346109139
257700289
142066518
1132874276
315686437
953425686
241166937
1641071231
204420289
1410441941
266704557
557724404
310575801
1745622333
940160127
1073244599
646297262
309807148
2095917275
761144496
1843777831
804670141
1505600470
1081651237
1512293742
1661939190
2045775559
446735358
1185758562
1512335232
681542243
384384053
1770035522
823608761
1517258329
2085721959
1777034447
1758425267
1579309542
1981454736
1021383560
1846014100
391695492
1331959361
1444152785
1331855620
257720313
2090450047
1641662768
206153940
704110896
1337956952
1010824081
62227718
272124541
375634175
1724166909
170416452
822369533
762441823
1682751685
1503911776
1146825876
1305303559
180036890
516600557
1243541870
1957071337
127542176
675367765
1791042426
1148925737
373898217
35254270
333401450
1818051002
1367109890
591121763
1761017402
861289011
797275703
317644650
51762315
1808099784
379872368
323886856
36250312
2104039277
494303309
858619845
718997452
29571346
215047974
1865823328
1334874905
395084864
234940238
430933127
204672553
362482414
1106300892
1995714979
1511408151
1480199109
2030969250
1844809602
1150766464
1250595492
288447717
764300218
2111884503
1085723421
1081944868
16163170
746339557
1461817236
340050027
782589869
1418372866
834353336
1641209715
2137370318
863924682
1856257689
1855709999
51315939
103858905
2090650237
482249066
308531458
305649003
1588549959
156762790
1817057155
921265420
40248392
1514383109
2072031884
1290843884
1802830826
688848454
1255244740
741070599
1770793322
1271407910
1487410157
1085126911
1611457937
122516378
356016129
298327625
1763726093
345902799
1162252307
1472500134
54129150
1213568246
1576359039
2144779387
1695817313
1884890498
302944743
1136883624
2041653288
2120001898
2058149044
2081901680
1486901359
1982697281
1225261916
1142248537
524062087
333023008
1883319137
147371762
1604430919
1223245646
1232498673
1068405208
1345762024
1588514802
1366732834
962004470
1934417601
381501493
287020956
1988546752
1595069740
1863379996
1985842491
1143403405
1600786846
141303586
132803381
1494956486
113821836
43468777
1429374518
1600723195
2026166058
507152786
595488085
402744498
840175795
331323574
550116260
297123066
1554569220
1782614933
1365528274
752847596
1223646087
584777460
1714852066
1010580040
966278954
2001873023
851643144
413865046
1717769371
690001988
1557268451
1171072569
831305574
1690071832
518545407
945127411
1733540609
1947919925
398366958
1612223020
307589063
993855043
2014967518
1147764858
1325178617
417600130
1444887924
732264189
52731415
662932551
1485111786
1276377502
1247710011
1052480204
139473894
66505317
906869579
991117039
480370363
477155302
1681119027
2037638814
1648227871
364940953
1580226998
19289630
1310068364
1166283960
1967209555
1708435323
631023332
127314971
554806718
498507202
1275079829
1879985336
916107332
572484106
464765877
968838747
1235416657
1949877663
97732601
335643020
854874220
237206495
402148338
1761743799
1228323534
882518701
91415454
761958913
772673868
1739643325
1126899867
205417218
1758932956
289484583
1371701178
1578658863
1997919906
2002724510
1705973834
405242977
353748064
833570016
137744665
1269855396
1406054122
602510542
91210495
493987131
404904558
188943096
829630151
1259778778
426149592
1231778489
874038929
1654473126
2114297191
965454383
268948392
739487411
557614061
1395848259
944904629
169063369
1685332842
169122160
1747722232
1535769101
24363022
1306212419
1941012078
378111087
2139782435
2078756743
1647966483
1398352909
533783637
1739176979
1892340040
938688195
1928120075
574486543
50983325
206786019
1806265033
925022255
1861259146
1773078576
1890476638
2130207538
365082339
300607051
1378572149
1309986968
469670420
916421343
1479109128
69909005
304706796
1503472151
1376121424
98235226
1881583238
1368420211
29508321
1382066073
619289472
563291959
973759404
364145864
1501980154
754395832
938632407
1552963480
961181851
597413792
330502087
674957349
223008720
73495077
657681239
588091059
374102129
2036253388
1898078028
843772549
805191084
1229703508
913681554
1109897880
585692011
142319330
1208133107
319791601
1510739541
1237641428
1701857675
2130029013
1800933387
528133431
346691229
1155429894
1282529263
1285323637
560909726
96227467
1882737429
891411813
771184816
2105746150
964906890
1428866056
546353561
1339009019
1317635796
296947941
35297921
2122826880
1526651450
948979475
1085241113
2112343461
1091298806
145890572
284651415
454554699
1383532000
1986509090
437100065
1036981740
367158873
783791294
44927986
1649688137
2069114931
605837712
1745915604
1804368713
1497249525
369616772
1762631215
314672767
1798482828
161501128
1653681787
968634977
458449070
1688979708
943978209
1985100520
490475535
2029219322
1949960333
1581774341
27626246
87128100
2036329041
1411158247
2073637190
325945458
300656339
293312416
1109736752
345584325
1943000553
1031368036
951422037
1541432509
688253101
301187914
1911049281
303400668
615860681
1562048462
464901796
122058820
383199791
923350866
1811038528
1327178000
760967738
154030416
1208913675
563444424
1735804757
1236539921
650572524
1624650150
500214520
576726067
1950595608
800870859
870038483
912848713
1146455184
665555388
1944216749
2097877221
59504249
484986202
251581487
1970553530
788386870
867442169
1385118344
1253288666
989500989
1768318135
29155885
653055870
948012488
790123623
807086286
9442515
1353568047
395407395
1245982436
2004140572
2020057546
1746196957
433382991
1823169506
399584168
1303421474
588534571
1546039353
1968976862
385267672
1496432926
2028481111
870253874
1748014414
1851550993
1658640744
467972935
1089185690
764445763
1457473924
710020177
793601648
2110529794
1658032665
1583725271
770132432
1667475180
789809671
1165539828
765973969
646466595
1038113726
364687278
1079849586
713799584
764271446
235787412
1302334156
162827151
57280626
1687601828
1659260078
2085761737
410372055
1259790844
1789829082
2069012799
1727763779
731531124
685974914
1037754055
1441551302
1479576562
1000800202
952100319
915818186
1770932634
472091852
1705627857
788988814
1238065821
204610804
1827102540
1602753099
1284460390
393418477
219540897
1520247802
1695752633
382368049
1577528428
1235870813
2041628127
1515806517
1646242868
1153935323
1158151951
1567772020
734215454
1889683076
106263286
1771969509
1183750730
1585839849
625286063
2135851049
354174387
248735050
460459253
2059802244
1037723864
1698525074
116929400
717342757
1153794525
1401389790
1110761234
1373335423
774153944
659030219
1755703472
204198724
1894901032
1649847951
1720005241
1393660253
656299626
730673544
813948625
1390515080
472872972
920211911
1015000941
1656623702
358568112
1640287005
1644991104
712742499
1889022055
2105450357
625061095
779262271
1656491784
741990495
1496605028
662802661
2143380285
459882614
2036138084
770050581
1118912833
1644357908
974249305
866330218
1146722211
546770898
112506823
1803021837
1277444443
926455448
1046053269
1750317415
1846667359
2061054211
1259457470
57751824
1553857568
756964926
770494323
1295395975
714931635
1395555419
2074658246
223939771
2137545914
1423779627
886742433
2133442552
1883662241
775396869
756009485
855091427
272271130
1730258791
1721421645
1418993341
129546041
1833928468
1074531531
1406990484
612900268
2120584800
1009824252
312083979
2034155363
121798074
369835803
1440529283
878763000
1140330127
588441610
1593694635
388401898
515616209
1817634407
378464164
1939395836
556893192
364423068
1675574429
1332290061
1120432554
383182208
1604561191
703207697
2104603853
876070885
832753738
1791048673
1950602416
92260575
256465293
1923703568
1102084827
568549273
1810375284
1223882901
938385076
1103420919
2102645901
2078715203
1691862530
1548856888
319633453
59995091
1219007647
698097618
1999390927
1775900839
1062520686
1527481708
960707253
35469592
1910663917
417784796
738677289
1867784122
1293855681
1571431028
1511349148
1096974449
1663691603
1767814441
873194370
618292782
188880066
536086006
1842175683
1127265143
1639506925
1797337936
1058496698
1183885807
1198711176
1378130152
1243880898
270235176
2076227770
1095788177
2046136015
991264808
475786238
859359620
1026734401
238966507
1277144417
1765411690
2106750629
423516450
1189359070
1470616129
1520490900
705567025
1090946923
246201622
1323859807
1279826989
782287628
1018551842
259608484
274310905
668406130
1318105183
1458196713
1867117307
548751687
554593963
2137352483
477495809
1650382141
2036004850
1468760617
2126168379
747880823
348011370
217651238
2025025240
2113423061
176918219
301058042
1155298483
1647534349
1821548942
1860865509
590997624
2067750564
1037241668
1870824613
702554544
2055793511
2130433098
976865450
576715993
1301054633
287578515
296349652
1849806320
842172478
286218487
179818481
345070971
174739690
1648579098
323755702
922620513
1996590469
541406940
800162105
1962529882
718325160
1101220147
970344717
218375861
775285442
683726578
809373485
695552358
1720968247
532714450
1398106903
1629278110
515663900
227488705
58510455
1816718533
515067220
354860108
1519041205
1357239698
641078595
1698859686
1702310670
815818285
1199955137
2026066372
1738438798
1049061958
419989665
391117255
864108192
1138314825
1492337403
1834452909
1356690686
120139197
370695840
18580523
815691555
2091664087
551294973
66314810
1573458549
1066958874
293803515
1631969004
736193759
808870735
1986829112
107751317
18626786
480424060
1806611003
1720937456
1296242345
859082492
1599520180
887197496
1908144450
2019509845
1278314751
624768994
1010341022
623168506
311738256
219548060
743307703
682434096
238128583
1558999259
626614535
789423557
1625314069
52589436
1856382431
1919117585
1684558440
445092542
580504672
1523903905
552843859
599131458
2004327965
211971215
172585266
1153086662
1071053707
1772105447
2040284158
831714510
1644131644
1171115262
1456483504
506989019
1794283768
1768221760
726537079
390107824
303172208
964665663
1949107083
929786743
1754089220
1426937504
982376179
1462988003
1198571441
519450972
1908080545
1779076114
2043354877
313440757
230723924
1900199194
525411972
403309191
905802208
1596465679
27930990
798602719
280696541
1672062634
1969717981
1737180046
31568005
1616518101
1357918158
758105085
2006625925
1661090367
1722770748
1808249360
443393462
1329376320
1087703217
1425769642
644880675
138791010
1945220614
405477572
1917867124
1841091843
718918329
1107401
1593807389
1244330301
404416592
352125949
693312333
432347582
1150728668
974008874
2104410216
972963001
563705272
2135978222
441997455
1921623431
746599659
301139732
1435230150
321886759
2109389093
1878623612
1651263079
1049608662
1156909606
148660106
1188399672
954646572
554137678
958783149
648254767
1273056008
959890550
94578508
369902661
1364307142
446704458
1063214994
1796654724
1597433126
2037223869
1753581292
422912480
453445493
1742075866
864909935
227585276
341191877
1166049667
1662815426
663078636
1127955112
1393955391
166858067
30080126
403381349
315518173
1218479799
1358027922
869655852
29779300
2006282689
2142711860
989669850
2100861198
365130873
206493344
400082008
1428345868
2003148068
1997515134
1318086089
1609245712
272943966
1771531582
1203837931
1137853901
1999116859
1545029808
156419921
1514448637
60624797
1284375033
760920380
227482864
1314455160
1164301730
543001038
385451311
374846004
1412656890
415230611
233645045
1407885102
1404900461
187022595
1773015975
1611393805
587104603
1053878195
1467058225
437136090
224480636
928820289
710080056
1996012219
2132658220
1847933958
1847645430
1530204381
2004353879
1214610419
1590829178
1141245264
1975530800
1818312042
308216776
992348882
213829432
693668087
1367194886
1626486322
1108898698
1600839931
886887776
366315511
1787862527
512420104
1977709316
227483482
1566298299
1297283893
664619572
1790778936
78620535
1374699629
1639307507
63795107
1075149939
1339469289
1593999488
932020170
406596060
1037345018
2073265434
234643212
708173413
233998563
1226992094
922002845
927666650
446703332
401005520
2036565349
2047543264
1287893296
255397212
1687922143
1800313400
85622881
1915405625
1219128052
1382906774
432541550
862423340
1461527309
1807241179
354247199
1525322417
734907470
1693716488
971838257
1666927640
2100312548
2009183276
1592709426
187472113
569873041
1826707989
1414464207
1491875886
606890992
1861167540
1892881406
495972693
1761227156
1033291055
751369905
1301665651
686120807
836992786
1069587628
1905248859
72415913
1502129178
620188551
1533943222
1161886709
974435750
911781991
1896794179
520668590
1883620249
1416238171
473497491
1745319877
861463950
660969604
167709270
540688291
2075433811
1659585156
1147579283
1789117703
1404982915
1643551976
1402861211
290790322
247438234
557043214
976911129
1084431020
1626630843
734676341
1156846933
981276373
1354864892
543306508
2143163083
181816995
1455088499
1892473614
702485585
1191225100
1161228138
1175983076
789061329
2022692088
1836952680
956770599
415896731
1764902844
468872108
1563476015
1406536899
1873855023
1059544343
661914463
17161697
1306982577
1218957677
994072826
243929950
698104872
1728749167
1400776883
1679381246
936130412
1944083391
1675060681
1117947407
1251688243
1420050647
1820432992
295429695
433795137
848932421
1084491025
309003577
538401453
2041261624
724900309
155820649
362650084
140892676
1562357549
89021459
1200437019
76788364
106183156
359935949
1295746041
1100255983
603865899
1993850914
681521502
2004642782
1525748512
1617651914
1801242526
1053325545
588115673
905447121
325892544
261065018
1200876816
759687682
1109997439
137884193
1068691259
1648398892
31662170
1793591568
1804219542
394312254
1934484244
1219093443
483333714
987437616
1295881807
589516870
1347373565
444144200
1689772853
1951239464
290511466
223810708
1808398598
1816259978
1841462622
1462157476
722101875
282094648
220120949
1047994420
543159666
1420997766
1807682102
1653157105
1558881959
728889713
1154072349
1590544129
374997634
810808243
1984856384
161998230
2029901686
320706450
1149435846
1178299845
910223320
349325763
1622444046
452512526
153081579
1912955512
676323234
1961480178
1581731843
370302208
1276154006
156350070
652396856
1496274956
1204344490
1195556522
769789074
864542944
701229979
181187385
1593432658
1855302329
1771731515
1968430292
518626924
1609104251
2130428522
401044963
1929810701
1132380721
1579344808
692550373
1481706484
1054305206
1145062899
1634788064
819777071
1821386133
1448784594
254025266
44204694
577454952
410375336
696601550
2073729908
1614719827
1892158073
696035334
331779123
445904404
877222720
1925211781
153723085
501470587
1746158425
672350010
2110574838
1729103300
1073394973
1892901891
714000373
505256133
437968616
48223209
1559561340
1583031516
1683011273
231854763
1256934001
984312219
485880029
1301138695
1561767172
896255365
1997740246
1488013432
363491544
1742414671
36565119
695270668
40835427
913787839
472998801
194558513
1415258426
71673579
866908523
1378349616
1800776879
1940303496
1123767859
367293604
298075981
1561736475
415516813
1857637321
997284343
2098528087
2089492084
106734697
935356658
427888465
1407873392
349640182
1324143831
1258129990
1837653615
1687635375
853061013
1874218734
235422395
893896441
640522925
708421197
1088454954
2055781351
780094776
1955363477
1286647319
433388007
1748183325
262931530
800681611
2046259306
1824668005
1216198424
1756412980
674468701
1167242863
1698421416
781203398
2102599522
2126309882
41593142
304756056
1302970065
1299723133
2142409671
843121792
5300498
1869144757
1078544188
899196939
362184034
1786965385
1987651893
270481737
419576513
1795531722
1557129056
852964520
1396231399
1820060586
1653646131
1295007058
1497244944
722360907
903936390
24229997
1889603771
454874158
805433395
1844719645
433700392
847026537
1992053
1736670457
2146749670
2144401725
432308602
4566521
1866062834
1510852790
903763460
80763221
1150334527
743931706
351244958
1569911040
391979780
1908374015
275391912
1788211180
1580950953
1929038043
935734590
930712249
503915302
1839670980
954942246
246035425
147061490
1760375641
2090755070
580761883
459918531
2092747124
169948692
459184553
2089665201
602257294
463751074
1808244387
2113110084
1367514535
1889007608
1115960963
2111446241
92768919
538388355
355942373
2001142934
813780267
2144153553
1434610239
595334662
932404495
217838841
1099249965
624591827
1172781087
1345285390
771653318
785673081
1288556813
1352415201
1245591612
1233820289
1522363893
1704776165
1176001842
2124621188
21043592
836762581
2090247624
1388558127
578286542
1058724940
1352520720
671055461
1597113295
1708463093
524714747
263409915
1705132999
