2000
625260271
790567110
1563240049
1738779322
1284697083
1036400871
714799610
1059410151
399340517
1219797948
1919732377
1947147341
1233128199
820210876
712797165
320211707
2082599037
1263994884
1691174806
2069223136
239069410
364217041
1877355070
1488269188
1168242251
852666529
984166507
1599521001
1433566058
1654043103
1981269718
2058826329
297126565
1397026120
1650122004
1581823649
285943343
217437966
493750152
685283860
1437235914
265998881
484947553
522880465
1086209757
1197744718
843092173
1021325147
314255954
386783331
943064635
553325364
751000372
672936058
2041594552
1919242623
1525602587
878277412
1371279977
811684997
384836867
1205066047
723027679
681963433
454608519
225666035
116303434
740551862
443104001
610053586
1425835723
1880339916
876052468
1910783276
255736733
1962262225
961044347
1098828906
836103724
1275300301
1485612237
1779168360
1828625666
89128962
304620770
1722736570
2008371585
1830223357
453530334
1232167914
494424707
838367202
289750314
1217452386
1520330635
744358833
1443118421
1636634069
1484910696
1886222422
99204007
763262771
1619078690
975256475
526562399
1874815424
790035053
1487606746
826160682
1626138777
615423400
164289272
1257823489
296565418
253418234
1562444259
2019301988
114306171
1245183969
325348675
1346474086
1739608676
1163715877
1636224400
809577414
536562864
233099585
105212187
25713285
1718010281
1991434609
124917292
333789404
1463029652
1100173768
860351804
1190361428
1890208821
200474902
2016522110
1368863950
815898302
33327734
479203792
1112463720
286745968
2041648051
984282061
401052140
1139348372
1309630736
1747526226
731473400
325862965
1236266978
1541050814
862425829
1469366563
1646263001
888139114
1039893197
1490213963
1013056406
1373682601
805759967
2113230174
86550757
1996121395
1855955347
287025660
1865159857
1077335650
1102923962
1898487592
1556539442
67904035
37749912
1450703845
1052186096
438802052
442568570
214333184
38844630
1174041970
540196149
1275111608
567609137
1402621978
596994524
66388490
143277444
1636887721
1556602453
1156333850
863086674
214878772
1122080377
949637432
63516519
830552076
1236663092
1928676377
1907887726
192103406
1679680321
1316943520
260007441
1717430233
620163718
1312193537
8748638
1062732288
1526526721
47593268
89290610
2066722870
1322704877
656899747
1321861200
1919699401
723288238
1465138644
1409103474
132407043
473988847
124706500
347285816
1596069224
1074343932
410802335
279137652
163523376
191995064
39541731
355626783
1871675385
1356485251
615634224
1441621971
1976648969
1927827762
1450370609
891897609
1306870835
1497963877
981188220
1226110058
673185106
1638087967
400487610
445400859
213892557
1865626255
1854504333
346299601
192131454
1979210834
693585417
1788200678
906071118
1104387752
2067338330
1069594495
1296382817
2106880061
1425221278
1020574554
1315881665
2040855502
314712877
1145046986
1821199616
1765083486
2036944596
980586804
1115563716
870649168
59213214
1788748822
361253487
459700824
86666034
575146045
177843431
1941170367
921445646
369974885
1772897553
1615031063
10691915
531485024
571935167
2078030246
1601079519
1868317984
2037426659
878817149
741408891
1205824676
772189003
1056121768
203388015
445904972
673721607
92848963
1426491776
1789285323
963498131
1485704990
1430550497
1324751618
1945405814
1517216531
1899897663
2123249246
1310903251
673859661
345740483
936317156
141407076
356432399
1467802180
713342244
286978997
921398051
434176580
176922008
1800215200
1175585471
1382746685
424920556
84223592
1586134700
870825528
757945199
1678983663
149833656
399746874
494998146
1635538646
1830297371
1819749764
1433460812
1200030255
1572163780
1409226410
363449858
98539793
1754966894
1299767014
239946870
2111399293
620085547
953289114
250894642
1541483598
1387465694
427816650
1194215151
415567518
1810563335
1619135707
499791110
1249214387
342477587
1257736309
780714402
492311243
1657483183
1275712548
2127849889
1340296906
947978665
1413827053
392843513
372658797
675569816
756293371
471198590
283053062
2056060386
711145460
246968707
528662285
1664434574
497863349
2070145883
904416621
925679999
1116877386
1319984139
588759687
588529445
1819775249
1837974074
931007032
930027910
471204829
1423318275
440027445
1746917377
1403684516
1780324351
547412394
670027922
25684217
920071191
1345597738
781977588
1391269782
1628650800
690554326
2102415242
1875619507
1219216611
1619366169
225999208
1141878847
376299142
1151679207
111272585
1696283281
1740438894
699802031
1368574882
1430929321
1630809063
151119144
1902134150
906643691
591146589
1501567879
162844559
223987292
2048980274
832872481
249671509
821567817
30986571
1031649098
65353951
1659637371
1722203424
20285546
1387773230
793936388
1639651715
1613772438
1935815235
2015950857
617967998
2047087820
1564750490
210923244
599406203
785841724
1641852565
82731619
936960868
1396503067
989375310
1528107457
750587299
1152219869
1752094749
652083925
1985092351
2001766259
1473651742
2016078922
885931709
1539005694
1528232646
460651485
1559291240
768522228
1254587873
1051459307
234811019
1042919460
919926516
852779017
942523633
337193358
1063702261
1541929836
1123035082
558071179
1624661455
2059995950
1954574246
466553117
1440619759
557677897
1618772987
1045230860
1209761822
1456381690
899513471
535929917
1324976964
1785445180
2074935611
705725962
98613018
1486743203
1474248191
1353200891
390718862
1709059210
248636704
1310645378
414354579
1191160337
1647838736
1478056840
585606525
623390170
2036128019
62784333
535902472
1843218618
529337450
1976522231
253412867
626789
874269443
1463174690
1457008479
1773782915
1999104607
634501796
1411744447
1926556570
1340227758
1510357465
1265816125
666992301
716074709
1656534987
228567863
964711413
819696717
642922442
8388102
320051805
2120979283
593994627
943441975
2009623654
656778960
1479344447
1705358624
1186116411
1308383030
1958771492
1186743200
35168825
1274462534
496268032
1808951740
1126083493
1130769828
1073212540
905156415
323513938
436086357
23488892
990506240
1152161066
1680023879
1219074103
2116872479
352236948
1861996546
2125260581
672288753
1835492181
571771561
1615730728
1697632187
1228550521
947591527
1255507164
267183284
108490909
1066795008
1453926485
143659734
193773894
1950194517
1952611475
1319857387
933480697
878340367
77530154
1256994635
1314426724
101019046
100017227
319104143
1781042925
1319091331
288492974
2133279873
1033604229
266269908
658084978
721612762
838041469
126332058
271761301
2066591990
1073923585
1527268465
186291627
1182414494
446579825
1640218112
1326074228
640353719
1442928981
1131202055
1960211106
228926030
2009542422
2037741260
1485920665
1176485499
2138760306
1585937893
1495589642
1772319583
757545576
1784082616
1758115808
1791149805
2050352524
268717138
365278919
740910345
395049196
637040220
660018688
1468972781
16825038
846310315
503903627
463404863
339044779
1829977856
1103758583
1781973760
813696263
916486041
2010899790
675755038
806743654
1349336807
1852240537
798020312
787791052
1200346531
422856248
1545336628
836945499
33488408
1189002785
739814376
302205547
1554281704
1480724721
697254743
43838277
2140743409
18743877
60663315
839570076
522647504
524068178
1178614855
205141712
1627826761
813104967
1018837976
396829155
676521109
1694593014
1203572809
2025857917
1399349903
2001593121
666165321
452212786
276965721
64018302
1289158285
310454130
1253021087
2028972661
612659677
659819144
1362213735
1309914420
703657421
1355473496
1328658297
764320736
47559925
1851305802
1288388914
1226174780
2056447514
768732028
2039279748
927801842
1165561183
568317209
474911208
221650344
446691478
1874261111
75759817
1112856800
178990249
352725539
1176875102
1468148535
663179669
282412541
1349637548
1275839346
942231685
564367635
438270118
1645889106
1919841132
1766928416
262726194
1967401057
1470750570
1551115109
1046092189
1379714436
172363489
937888289
160032631
1337924672
1506205499
634943839
1559575016
1952896977
361721303
1635334833
918270129
540711552
1988060372
2095145231
2008860087
503756393
230074125
1211013988
1779595739
1172305810
1775381623
70382210
670711269
1547739107
1837310626
933437463
1367656516
1160577548
337068924
266265058
392808336
509432413
1204153347
552840967
1847357085
562875198
1187784807
1259448453
368288528
1549506110
747299639
1286558657
2090217662
587876363
1234220241
1951594102
1091632757
1464294366
1015124442
723744848
489116528
643022417
794127058
1159827797
43277877
483954036
2093265261
1410934393
1644531584
282850537
1677199451
2037339921
792282951
733869151
442697240
492156388
1296744349
1630482047
1751604842
1665032877
1032504509
351420833
804107887
975238524
939297196
2038328128
779348978
2030929953
1355138846
1794473420
607191154
1844255374
290012189
1401318212
856599524
333290066
1885272249
802381137
1744224460
1382320185
1085231674
1273940263
1272176458
1877514625
2007809414
1714873699
222187366
1157070116
1197872098
1973792208
674619345
82892960
177729393
1478727232
1058131484
1117026589
1369571712
1837480462
1000472895
577226910
1484470234
1607664049
273998637
1774482423
861498613
1130598161
2107772490
599287214
1932979298
1704513302
1981607400
870727324
830969917
1106300210
600758302
691295684
673690261
822945668
1848365800
1871562360
649254228
375501497
1954455320
826983621
1854228730
865103156
1944010210
1076316794
555099970
796999457
1653543705
2039570204
257179858
1927542342
1666568979
1118678472
910656855
1626857821
1717965686
696152505
1183887475
1552089438
1566879829
2014857393
510906001
20154483
558669429
1184596262
843100151
259551581
908674974
1492354379
635053078
715646646
171854352
341798160
1580749802
2115864563
1418114955
2135849772
765380372
924175012
2027936328
1022560231
704233706
1547021660
2141238703
1614890561
1026395833
1711720741
163559418
62799661
1116326532
1730439247
2077657054
1627232533
1750593731
488842835
664345147
446210234
748394416
1573020122
1938564614
1383447494
141183120
2110418966
1725245655
1721932923
2078799881
995876962
1710299047
696696606
1920051974
1590751728
1719256837
476802032
990289740
1713011892
2091692593
2016685573
1277248985
107768363
2079485234
246091869
1838207610
2009658640
1873324402
1441317693
351017827
390185902
1887527928
1099412243
1963206024
1678608894
335376090
2104389144
1641544212
2060621745
1678838419
1572860446
909015059
1241653819
122073404
681583385
684921899
1841330241
1158385417
1675211639
1406858485
1102594362
1544413564
536623822
1210362725
1476415151
782715692
901086687
1338590143
508556446
194920733
1689607971
898742348
2082448661
641536566
714464724
1613573907
976912656
671370221
1107634471
890050753
202724992
533011269
1799065812
1444378811
655084673
333165549
2129300710
348931266
1491550966
1657028701
1755789751
446661680
1053958618
144929926
1657024405
382890121
927645618
410627445
1721480264
1436202064
605548178
1263604587
187460765
540513191
1905141154
901925489
6603450
734570162
1573295710
1114237921
1624620916
1776020703
1647249191
1276203080
1072915866
154850216
1609368630
1054732929
503781483
953435948
564277982
112087586
1400097629
1618236600
257017512
909638386
2001126721
1184663130
1320265831
1575123338
473381547
1925814009
691244277
660842312
318843552
448901783
1562767801
325447002
1183471946
988579864
1439684924
660609214
617116919
939450467
1936812294
1690032785
1094300683
1398697276
597282066
1598082166
204649577
1161560049
1710169753
1604747206
632313001
1967187265
366901944
485956075
1004366748
1687167776
2061079413
1477748295
1465498137
604840042
2138590607
1784341690
1053741826
1553874760
2109788692
89730124
394970976
1401989968
750339338
1012087895
193956787
539667984
554637033
1288257471
1938365261
1151919099
738855989
2143014838
165995500
301542094
1600278396
798308502
121245712
1967180340
1284264577
1125612460
1506864468
1197860342
455877107
824878958
1802700384
446984066
461737000
708958562
2000858826
424042044
798688686
248346155
1826032013
1549028024
1260434050
2019988800
2088696009
1815071083
1160762623
1879577622
819506535
1899618613
1875108812
985502035
53677059
1327903560
1783810537
174922771
1147600252
920591466
1300535231
506981073
2118451808
1756412338
1331860031
1773668545
55912756
1793597031
335143459
2056771583
70155427
1133832146
157634090
1896187440
535376522
1418068140
1768692593
476588883
1085655576
781971568
208682857
1905162111
534106533
2083791669
743180498
587783593
1264211581
379507388
762706364
264328186
1300098854
2063241596
771309259
1271067015
1672170286
2103169290
897251912
1728083043
1749282673
1232395371
1637370978
1819438100
218743869
1795005068
1568141893
754120392
1065589560
1189350838
1230709275
3761488
1971322406
1439392133
1908923599
357945292
1375700154
504620450
945728885
492428088
884127838
1708435249
756756274
36743044
1624193197
1528065533
1307810059
1148879836
1483751175
57578323
729479231
1085550200
1289973695
219366561
757504652
1508717564
2014371629
178162897
115354308
932477541
1367513735
1346063584
936239030
1191352494
637972069
697678981
1549297786
2013672223
1202299431
347543023
358616663
2086427269
2055978272
1115372937
2123170314
1532687822
495954822
1283496725
534084010
1979705997
1341075049
1263563241
917772549
483565096
1482929802
1675277202
1992282660
1349817783
1853440099
2107636969
134811676
1073470187
1306216905
1071050706
117339033
1944188974
1768729688
1666636819
1810377549
823545471
2014179842
21510565
762489093
1922674466
1136883502
738175759
1307878640
1632838325
2021672484
1841962650
1465060674
1215263885
958042243
235349576
1698828981
293488397
1910626778
1543627994
1643306180
1616583229
1503781315
1778117857
542569768
662514572
701684915
659908801
459219898
322930955
179061972
122113799
1146476427
45758166
143624364
1908965520
1968432633
1280507867
499657631
1128827625
765862544
373846467
823306628
83439570
1589110353
1781348871
318789146
1140455686
2074837269
81932276
536600032
1570659801
1698515506
2040381347
1201294010
93601626
555412271
1902978926
753510428
1014632169
78426233
932572400
1136745969
1224902660
978330567
1280370333
986384532
799279552
413394552
1486042163
1928107177
1179257096
1859888631
603930157
1262696667
1301515336
237795381
1581485813
294487374
165149002
1663418090
831087407
1735808803
1214449948
723985106
789619166
1308051574
1279397378
545114444
2061562002
146545899
623540677
846650755
1283291868
1848443338
1824981322
416178554
687344222
476777226
829573106
25902738
257400755
2008830203
1885791369
861330913
1124043222
1039823057
1099126294
558045387
1334310431
1264275296
73979829
17914190
852600451
1288429777
741899297
1642219617
448997704
2021296675
39850413
363076058
20358926
663391091
1209726813
1303650795
364350781
887224487
1719829349
1051695003
1364001713
401918807
1077597741
1621402469
263265362
815905462
335249734
1387308584
1855728519
1434376028
1945353972
1042555303
551167676
2019333801
1060469493
1403768127
1160279931
1802368790
898504097
1609277635
1676181817
938354510
1972353693
1696540744
1601745601
1034596859
852707891
1966096382
1921821346
425053592
870307738
1138339412
826972399
1947905479
612258233
1090237762
616327294
947507967
330062698
324572165
234400347
127933022
1367127468
785568023
2147266824
280113314
41852502
1160063107
2082482104
940356599
621857094
1611180274
1878711110
446727139
1160237370
1332973063
1481323998
2012945261
1151585798
1255661697
290515205
2021893536
246517461
1117487604
1822315367
858775694
60241718
291159013
1806283661
390304417
615731179
2040684008
518237439
1982858647
678768383
518020615
115488313
720620885
1678083722
50486770
1660977485
152457168
1661667044
1392204947
599184308
674420766
577694362
2080508306
539882379
1729280160
1188686355
830397584
1603690048
1435203816
1947885188
1278521768
146495862
2008126907
1569680781
1952779523
250947676
37928312
1845979883
769185115
2020786960
377264618
1287205731
2136275273
1097885504
817805805
39278395
611379341
970262974
1700945439
2003584288
1569447282
227882557
433795002
1502471940
767764936
15591515
543674648
1598162520
1619281563
1978878464
1398564061
750319683
2125374327
1259207320
172516817
1930670202
1510154996
210445129
1629166438
131856463
83748441
2006431056
1419062194
72540067
956832912
89384352
111818462
1568212253
1059647326
1812763902
1424312893
481610960
2040646459
1858107896
1984082900
660927748
1873699411
380273900
111606620
1345497326
211668717
1510170681
2095817010
189559396
621894353
120850179
2120229598
2132049349
331295308
1601912388
116422165
415043750
1460859797
1535484359
487583817
270209061
1624868711
599402279
1838421315
537032389
264682533
1115250560
1018643349
157845345
825874808
855242602
818773093
552090571
1235516502
930379713
1897587898
1447185219
293066747
1845921260
1636744615
914961100
1966771439
1609490566
899526802
150583099
1063919306
1015948967
565626849
377295455
403949678
1053210666
647504517
2028818390
1652612946
338442184
418367131
1917295479
1453692744
1437010481
2075140824
132083905
144769435
746430269
684174476
1380285937
1676809983
434278726
679987509
1969876730
132716338
169248476
737354182
2099487777
1778739042
1636880984
102587229
695174701
505346303
668214078
1072470156
909295982
1721424745
1719974673
790630724
1226554043
2058416857
1208997855
996365874
1364625954
498524688
924023051
1496709859
643294123
1670453320
33400687
2023580061
1199779655
467679414
556083922
1022172737
600395752
725332398
1759526920
552399882
356587793
1248924256
654987111
1051762494
1754270560
1323201189
2124232650
516082894
897142286
1696723676
1306713618
2123696329
1607656885
368227825
972578556
824799191
866752514
1896601607
174025402
1510046637
1419571279
207426090
1386143050
471867287
675105504
1942226972
1494040024
1275501256
520075723
1106083296
1827901138
876663516
207523905
335404601
1928426010
1961794465
1658605791
1905175012
330393711
408264429
1454415040
1637107329
384477111
914588278
2005335154
1357055667
1739387469
724604020
1106173626
1913412872
87167010
378261257
2120838962
1473310060
850128544
648460818
1268053385
196684921
1923962074
1788129108
1302768217
1604379565
517308976
1510292122
1939784166
298251338
1324602939
1450906309
55942702
1654996650
1859170739
1510357743
1144620331
96164202
277462373
1002471838
1453219869
2016849842
1727075858
411909847
1782779066
1814242868
790171104
1756134380
1140069281
1640299649
257111550
260639018
1836984570
33589977
2048768126
992269139
1637969542
418593454
355077614
1430270060
716844792
1679680553
733692722
772787494
1187193556
445379813
135661589
184330239
541544015
413123962
1186802077
1994763884
282490157
766394288
259190083
2065269223
433153508
1049361187
1673919956
1573222789
542177188
1931031506
1833861807
231678110
1964621483
1735146285
1223947250
1455107377
6256091
1579024864
737893790
723100883
1111221769
1471586512
1495888378
150931677
1916966325
1631549967
335261917
311026692
2044673930
1522063994
158306928
179680439
140974634
417497011
97466014
574128143
1466858198
1771385970
2147350932
2009035387
1554933829
1833729092
93229849
1372071664
1421391729
1317177099
679695394
1427647821
748718315
1417589184
3265056
1859940085
741692048
1499153434
2010871762
511174725
983219754
198650031
822201417
880410036
1720714026
980508345
1060090475
1861688660
1398005356
1157556489
288333155
717379906
781458812
288200440
578931645
188908993
2121929532
672161495
1560980657
1395837613
1989338594
93192403
676001786
590573262
1510781587
679266843
303029699
104989987
30936629
166417813
616164712
1014156383
365067845
1438366129
1894566419
2085781871
271390826
807173246
1799986883
1669396182
1964729736
2088320039
239292441
598704900
229036831
818224086
787613893
203482715
1490385581
201110902
1599320328
1332240528
294303306
127838467
1922813790
1805084893
807105310
78359841
1910074881
838041939
244777654
378755945
1852198323
609845499
1817122075
1599281094
548143722
2088512901
258970693
200646958
1610425436
76216781
141483349
1849717877
674921681
370520180
520458315
1462535574
574002895
2010843897
1663646476
25839575
1195600777
1957949782
153678042
970930919
1615551028
960783352
1049290760
1378142261
1798825292
1294068414
1756898206
1503539967
1903913914
1426536633
955337413
304573988
1367565887
1214308106
505220946
830507675
1290524887
646704295
532741904
1965446568
1017224475
1053200219
1280498494
1591227370
916560468
796661323
1617066946
2112161245
607127457
1770744988
935608516
75194837
584044693
1984899276
1453337098
235386337
1131484043
1062751657
1738926304
887914309
341804642
546780069
1192488297
1709370529
1761088176
1697709244
392394556
904129415
196929891
925136460
722092336
1214154367
1978336680
2002590830
657898089
747413500
651768505
127481387
712091098
1258895963
1898226376
1647699614
1334090800
334787421
1485115243
639944251
570173758
469115638
1702695908
161616414
1357029947
2044500550
708396483
402034596
1606387432
322001011
2099743840
1998781988
1226130427
149190084
776434801
1948222763
1363344451
607287833
1803329945
2021242540
1354701333
307614803
1240280
2066792431
1566510766
1899466656
1567008398
753117918
86770429
904639993
1393062169
656944187
1373755631
948274429
818560601
583301930
845291332
1526957084
985336526
304195116
1848958096
937596719
